852,1634671513
852,1634671517
852,1634671524
852,1634671526
860,1634671920
860,1634671924
982,1634764290
982,1634764295
982,1634764299
982,1634764305
982,1634764310
983,1634764315
983,1634764320
982,1634764325
982,1634764330
986,1634764335
990,1634764340
1803,1634764345
968,1634764350
960,1634764355
959,1634764360
959,1634764365
959,1634764370
957,1634764375
2,1634764380
5,1634764385
9,1634764390
15,1634764395
24,1634764400
33,1634764405
43,1634764410
56,1634764415
67,1634764420
78,1634764425
91,1634764430
101,1634764435
104,1634764440
113,1634764445
124,1634764450
133,1634764455
141,1634764460
152,1634764465
162,1634764470
173,1634764475
182,1634764479
196,1634764485
206,1634764489
211,1634764495
211,1634764500
212,1634764505
214,1634764510
214,1634764515
215,1634764519
224,1634764525
235,1634764530
247,1634764535
259,1634764540
264,1634764542
285,1634764550
298,1634764555
311,1634764560
325,1634764565
341,1634764570
351,1634764573
376,1634764580
387,1634764584
403,1634764590
405,1634764595
404,1634764600
404,1634764605
404,1634764608
449,1634764625
464,1634764630
476,1634764635
490,1634764640
502,1634764645
510,1634764650
516,1634764653
523,1634764656
541,1634764665
552,1634764670
558,1634764675
567,1634764680
569,1634764685
569,1634764690
569,1634764695
570,1634764700
572,1634764705
576,1634764710
579,1634764715
579,1634764720
579,1634764725
581,1634764730
582,1634764731
609,1634764745
620,1634764750
632,1634764755
644,1634764760
656,1634764765
659,1634935717
659,1634935744
983,1634947294
986,1634947299
990,1634947305
1804,1634947310
959,1634947320
0,1634947325
5,1634947330
11,1634947335
16,1634947340
21,1634947345
30,1634947350
50,1634947359
64,1634947365
75,1634947370
86,1634947375
100,1634947380
110,1634947385
122,1634947390
132,1634947395
140,1634947400
152,1634947405
163,1634947410
171,1634947413
199,1634947424
202,1634947425
204,1634947426
212,1634947439
216,1634947445
222,1634947448
239,1634947455
251,1634947460
262,1634947465
273,1634947470
287,1634947475
301,1634947480
314,1634947485
326,1634947490
342,1634947495
360,1634947500
377,1634947505
396,1634947510
408,1634947515
409,1634947520
409,1634947525
409,1634947530
417,1634947540
433,1634947545
450,1634947550
460,1634947555
461,1634947560
464,1634947565
475,1634947570
491,1634947575
502,1634947580
509,1634947585
518,1634947590
522,1634947595
523,1634947600
526,1634947603
543,1634947610
553,1634947615
561,1634947620
566,1634947625
567,1634947630
567,1634947635
567,1634947640
567,1634947645
568,1634947650
569,1634947655
572,1634947660
577,1634947665
582,1634947670
583,1634947675
583,1634947680
585,1634947685
591,1634947690
601,1634947695
611,1634947700
620,1634947705
630,1634947710
639,1634947715
648,1634947720
652,1634947723
982,1635374100
982,1635374105
982,1635374110
982,1635374115
982,1635374119
981,1635374125
981,1635374127
981,1635374135
981,1635374140
981,1635374145
981,1635374150
981,1635374155
981,1635374160
981,1635374165
981,1635374170
981,1635374175
981,1635374180
981,1635374185
981,1635374190
981,1635374195
982,1635374200
982,1635374205
982,1635374209
982,1635374215
982,1635374220
982,1635374223
982,1635374230
982,1635374235
982,1635374240
982,1635374245
982,1635374250
984,1635374255
987,1635374260
989,1635374265
989,1635374270
992,1635374275
1800,1635374280
964,1635374285
959,1635374290
960,1635374295
959,1635374300
959,1635374305
959,1635374310
959,1635374315
956,1635374320
1,1635374325
7,1635374330
13,1635374335
16,1635374340
23,1635374345
32,1635374350
38,1635374353
53,1635374360
64,1635374365
76,1635374370
92,1635374375
103,1635374380
113,1635374385
124,1635374390
132,1635374395
140,1635374400
150,1635374405
161,1635374410
173,1635374415
185,1635374420
197,1635374425
205,1635374430
210,1635374433
213,1635374445
216,1635374450
216,1635374455
216,1635374460
216,1635374462
219,1635374470
219,1635374475
217,1635374480
217,1635374485
217,1635374490
217,1635374495
217,1635374500
217,1635374505
217,1635374507
217,1635374515
217,1635374520
217,1635374525
217,1635374530
217,1635374535
217,1635374540
217,1635374544
217,1635374549
217,1635374555
217,1635374560
217,1635374565
217,1635374574
217,1635374576
217,1635374582
217,1635374587
217,1635374593
217,1635374599
217,1635374605
217,1635374609
217,1635374614
217,1635374620
217,1635374623
217,1635374625
217,1635374635
217,1635374650
217,1635374655
217,1635374660
217,1635374663
217,1635374670
217,1635374675
217,1635374680
217,1635374685
217,1635374690
217,1635374695
217,1635374700
217,1635374705
217,1635374710
217,1635374715
217,1635374720
217,1635374724
217,1635374727
217,1635374735
217,1635374738
1303,1635604002
1284,1635604010
1224,1635604038
1203,1635604054
1197,1635604057
1176,1635604085
1176,1635604088
1152,1635604100
1144,1635604109
1797,1635604131
1091,1635604162
1086,1635604170
1050,1635604180
1041,1635604186
1030,1635604190
1027,1635604195
1022,1635604198
1799,1635604214
981,1635604230
981,1635604231
1303,1635604680
1189,1635604735
1163,1635604747
1148,1635604755
1797,1635604785
1091,1635604809
1086,1635604820
1085,1635604823
1016,1635604850
1000,1635604855
983,1635617285
986,1635617288
990,1635617295
1799,1635617301
0,1635617309
7,1635617313
26,1635617321
63,1635617334
74,1635617338
93,1635617345
129,1635617377
159,1635617394
198,1635617411
204,1635617414
215,1635617453
317,1635617499
331,1635617505
347,1635617510
376,1635617518
400,1635617525
418,1635617530
433,1635617534
489,1635617595
499,1635617604
507,1635617609
522,1635617620
524,1635617624
528,1635617628
567,1635617675
567,1635617678
568,1635617682
579,1635617696
582,1635617703
610,1635617720
611,1635617721
981,1635699895
981,1635699896
980,1635699905
981,1635699906
988,1635699925
1804,1635699942
964,1635699953
958,1635699957
24,1635699973
73,1635699997
92,1635700005
95,1635700006
133,1635700026
145,1635700034
157,1635700040
164,1635700043
204,1635700063
331,1635700140
374,1635700153
387,1635700157
400,1635700162
420,1635700198
459,1635700215
460,1635700218
463,1635700224
497,1635700238
503,1635700241
518,1635700249
525,1635700254
559,1635700272
569,1635700280
570,1635700282
981,1636072574
981,1636072580
981,1636072583
981,1636072589
984,1636072595
1801,1636072605
1800,1636072606
958,1636072614
958,1636072620
958,1636072625
958,1636072630
958,1636072635
958,1636072639
7,1636072649
23,1636072657
76,1636072678
97,1636072686
103,1636072695
112,1636072700
145,1636072722
154,1636072726
167,1636072732
186,1636072740
193,1636072743
234,1636072790
247,1636072795
281,1636072809
289,1636072812
310,1636072820
320,1636072824
338,1636072830
344,1636072832
374,1636072841
394,1636072848
410,1636072854
417,1636072856
437,1636072862
473,1636072873
499,1636072885
504,1636072887
518,1636072895
518,1636072896
548,1636072909
559,1636072963
557,1636073120
557,1636073125
557,1636073130
557,1636073135
557,1636073140
557,1636073145
557,1636073150
557,1636073156
557,1636073160
557,1636073165
557,1636073170
557,1636073175
557,1636073181
557,1636073185
557,1636073190
557,1636073195
557,1636073200
557,1636073205
557,1636073210
557,1636073215
557,1636073220
557,1636073225
557,1636073230
557,1636073235
557,1636073240
557,1636073245
557,1636073250
557,1636073255
557,1636073260
557,1636073265
557,1636073270
557,1636073275
557,1636073280
557,1636073285
557,1636073292
557,1636073295
557,1636073300
557,1636073305
557,1636073310
557,1636073315
557,1636073320
557,1636073325
557,1636073330
557,1636073335
557,1636073340
557,1636073345
557,1636073350
557,1636073355
557,1636073361
557,1636073365
557,1636073370
557,1636073375
557,1636073380
557,1636073385
557,1636073390
557,1636073395
557,1636073400
557,1636073405
557,1636073410
557,1636073415
557,1636073420
557,1636073425
557,1636073430
557,1636073435
557,1636073440
557,1636073445
557,1636073450
557,1636073455
557,1636073460
557,1636073465
557,1636073470
557,1636073475
557,1636073480
557,1636073485
557,1636073490
557,1636073498
557,1636073500
557,1636073505
557,1636073510
557,1636073515
557,1636073520
557,1636073525
558,1636073530
557,1636073535
557,1636073540
557,1636073545
557,1636073548
589,1636735876
660,1636735903
680,1636735943
719,1636735962
726,1636736025
739,1636736030
753,1636736035
775,1636736045
780,1636736050
791,1636736055
805,1636736060
816,1636736064
842,1636736073
874,1636736090
878,1636736095
886,1636736100
893,1636736103
902,1636736123
981,1636739495
981,1636739499
716,1636822423
735,1636822439
768,1636822455
798,1636822478
808,1636822483
853,1636822538
875,1636822556
876,1636822560
882,1636822577
885,1636822581
898,1636822600
988,1636834149
990,1636834154
990,1636834162
1004,1636834170
1015,1636834175
1017,1636834176
1019,1636834177
1116,1636834228
1154,1636834245
1161,1636834249
1173,1636834255
1183,1636834259
1193,1636834269
991,1636834727
962,1636834734
951,1636834738
15,1636834748
26,1636834754
73,1636834774
86,1636834779
91,1636834781
108,1636834805
115,1636834808
130,1636834815
151,1636834830
158,1636834833
197,1636834848
202,1636834850
206,1636834852
249,1636834875
309,1636834900
322,1636834905
336,1636834910
362,1636834917
429,1636834935
493,1636834954
498,1636834958
507,1636834962
525,1636834971
559,1636834988
980,1636845188
981,1636845193
986,1636845216
988,1636845218
991,1636845225
1801,1636845230
956,1636845240
2,1636845245
24,1636845260
26,1636845261
48,1636845272
80,1636845290
82,1636845291
111,1636845301
130,1636845313
141,1636845319
156,1636845325
159,1636845326
216,1636845367
219,1636845373
219,1636845377
218,1636845383
217,1636845390
217,1636845391
217,1636845400
217,1636845406
218,1636845415
1400,1636846892
1393,1636846910
1393,1636846911
1393,1636846975
1392,1636846983
1386,1636846989
1383,1636846993
1376,1636846998
1369,1636847003
1353,1636847012
1308,1636847030
1295,1636847035
1285,1636847039
1212,1636847067
1200,1636847071
1154,1636847091
1136,1636847101
1067,1636847127
1057,1636847132
1038,1636847140
1020,1636847150
1010,1636847155
1005,1636847157
1802,1636847165
1799,1636847169
981,1636847185
981,1636847189
980,1636850748
981,1636850755
981,1636850757
992,1636850805
1004,1636850813
1041,1636850834
1049,1636850839
1053,1636850855
1083,1636850858
1087,1636850863
1090,1636850868
1099,1636850876
1111,1636850885
1127,1636850891
1144,1636850902
1157,1636850909
1163,1636850913
1171,1636850917
1189,1636850924
1221,1636850957
1232,1636850961
1260,1636850975
1290,1636850989
1332,1636851026
1345,1636851118
1335,1636851175
1334,1636851208
980,1636939539
980,1636939542
984,1636939549
961,1636939570
960,1636939575
960,1636939578
958,1636939592
955,1636939595
25,1636939616
70,1636939638
87,1636939645
93,1636939647
108,1636939666
132,1636939680
132,1636939681
156,1636939693
163,1636939696
203,1636939713
212,1636939727
323,1636939782
421,1636939810
433,1636939813
491,1636939834
521,1636939850
524,1636939852
577,1636939909
582,1636939944
614,1636939958
625,1636939962
642,1636939969
652,1636939973
657,1636939976
568,1636943485
568,1636943490
568,1636943493
571,1636943510
573,1636943513
615,1636943575
613,1636943582
612,1636943592
617,1636943600
620,1636943602
651,1636943615
661,1636943620
667,1636943623
675,1636943634
675,1636943638
675,1636943643
677,1636943647
692,1636943655
704,1636943660
713,1636943665
716,1636943670
718,1636943686
719,1636943695
718,1636943700
718,1636943701
745,1636943740
756,1636943744
793,1636943770
804,1636943775
814,1636943780
819,1636943783
826,1636943786
840,1636943792
858,1636943800
866,1636943803
878,1636943808
896,1636943815
904,1636943818
951,1636943835
963,1636943840
971,1636943845
971,1636943847
981,1636943858
981,1636943861
982,1637005860
982,1637005870
982,1637005875
982,1637005876
982,1637005883
982,1637005910
982,1637005912
981,1637005925
982,1637005930
982,1637005931
981,1637005945
981,1637005948
982,1637006018
981,1637006022
982,1637006059
982,1637006063
981,1637006110
981,1637006114
981,1637006119
981,1637006122
982,1637006130
982,1637006134
981,1637006152
981,1637006190
981,1637006195
982,1637006199
989,1637006209
990,1637006215
1005,1637006228
1011,1637006232
1025,1637006243
1041,1637006255
1041,1637006256
1053,1637006289
1086,1637006295
1093,1637006310
1100,1637006319
1111,1637006330
1120,1637006335
1122,1637006336
1136,1637006345
1141,1637006352
1163,1637006364
1167,1637006367
1175,1637006372
1233,1637006428
1245,1637006435
1250,1637006440
1251,1637006444
1256,1637006449
1264,1637006454
1271,1637006459
1284,1637006466
1328,1637006490
1330,1637006498
661,1637015145
661,1637015148
661,1637015155
661,1637015159
666,1637015164
671,1637015170
675,1637015173
686,1637015180
694,1637015184
705,1637015190
708,1637015192
714,1637015199
714,1637015204
713,1637015210
716,1637015213
776,1637015240
780,1637015243
794,1637015250
806,1637015255
815,1637015259
839,1637015269
846,1637015272
860,1637015278
876,1637015285
894,1637015293
932,1637015331
952,1637015352
971,1637015367
981,1637015380
980,1637032840
980,1637032842
981,1637032864
980,1637032867
981,1637032875
981,1637032880
981,1637032885
982,1637032890
990,1637032900
1804,1637032903
1799,1637032909
961,1637032914
957,1637032916
12,1637032928
17,1637032932
30,1637032939
66,1637032955
70,1637032958
87,1637032964
108,1637032985
111,1637032987
129,1637032996
139,1637033003
145,1637033006
161,1637033013
195,1637033027
212,1637033045
215,1637033051
224,1637033056
244,1637033065
331,1637033100
347,1637033105
385,1637033116
413,1637033145
418,1637033147
443,1637033155
585,1637033181
497,1637033193
501,1637033196
570,1637033250
582,1637033262
589,1637033301
662,1637033345
732,1637270763
753,1637270769
771,1637270775
782,1637270785
793,1637270789
806,1637270794
814,1637270797
853,1637270810
881,1637270820
899,1637270826
948,1637270843
950,1637270854
971,1637270875
984,1637280565
990,1637280575
966,1637280584
956,1637280589
8,1637280597
26,1637280607
71,1637280629
84,1637280635
131,1637280667
141,1637280673
196,1637280697
220,1637280734
217,1637280745
217,1637280746
217,1637280755
217,1637280756
217,1637280764
217,1637280780
217,1637280783
217,1637280795
217,1637280797
217,1637280802
217,1637280808
988,1637347583
1803,1637347602
1799,1637347607
963,1637347645
959,1637347660
959,1637347665
959,1637347670
959,1637347675
959,1637347680
959,1637347683
955,1637347689
21,1637347707
38,1637347727
44,1637347732
62,1637347739
80,1637347745
83,1637347746
113,1637347768
128,1637347774
128,1637347780
128,1637347784
145,1637347793
167,1637347799
192,1637347808
202,1637347812
206,1637347816
216,1637347839
229,1637347853
248,1637347859
319,1637347882
348,1637347893
399,1637347908
409,1637347913
428,1637347919
447,1637347924
461,1637347930
466,1637347936
472,1637347975
502,1637347995
567,1637348045
570,1637348049
569,1637348054
570,1637348057
981,1637441231
990,1637441259
1801,1637441265
964,1637441270
963,1637441275
963,1637441280
963,1637441285
963,1637441290
963,1637441294
1,1637441302
10,1637441309
12,1637441311
22,1637441317
71,1637441335
83,1637441340
87,1637441342
131,1637441374
142,1637441381
161,1637441389
201,1637441405
222,1637441437
305,1637441468
344,1637441479
381,1637441488
397,1637441492
413,1637441513
425,1637441517
449,1637441523
468,1637441529
480,1637441533
513,1637441550
525,1637441559
563,1637441578
1082,1637505000
1084,1637505001
1088,1637505009
1093,1637505013
1100,1637505020
1106,1637505025
1109,1637505027
1133,1637505038
1165,1637505059
1176,1637505065
1184,1637505069
1189,1637505071
1194,1637505080
1194,1637505081
1192,1637505088
1189,1637505095
1187,1637505100
1186,1637505104
660,1637512293
660,1637512297
660,1637512322
669,1637512330
679,1637512335
702,1637512345
710,1637512349
716,1637512355
717,1637512360
722,1637512445
728,1637512448
745,1637512455
772,1637512465
775,1637512470
782,1637512475
792,1637512480
801,1637512484
816,1637512490
822,1637512492
843,1637512500
852,1637512504
857,1637512506
878,1637512514
882,1637512516
900,1637512523
945,1637512560
949,1637512570
949,1637512575
954,1637512580
688,1637515535
739,1637515560
774,1637515573
779,1637515581
821,1637515600
823,1637515602
843,1637515609
856,1637515615
875,1637515624
879,1637515626
892,1637515632
946,1637515654
947,1637515658
971,1637515709
1803,1637551427
1799,1637551432
962,1637551440
957,1637551444
959,1637551448
951,1637551456
920,1637551466
840,1637551495
837,1637551496
819,1637551502
806,1637551507
749,1637551542
725,1637551575
716,1637551581
708,1637551585
697,1637551590
685,1637551595
679,1637551597
571,1637591530
573,1637591532
468,1637591547
613,1637591565
616,1637591567
644,1637591567
683,1637591583
696,1637591588
704,1637591595
706,1637591596
710,1637591602
732,1637591610
747,1637591612
768,1637591619
773,1637591625
773,1637591626
792,1637591634
811,1637591640
823,1637591645
855,1637591660
863,1637591663
886,1637591670
894,1637591675
904,1637591677
906,1637591689
905,1637591699
905,1637591699
905,1637591699
947,1637591726
951,1637591758
964,1637591765
969,1637591769
971,1637591771
979,1637591788
979,1637591793
979,1637591803
982,1637624900
983,1637624904
998,1637624920
1007,1637624925
1009,1637624926
1037,1637624938
1114,1637624974
1125,1637624980
1131,1637624982
1140,1637624988
1163,1637624998
1194,1637625012
1194,1637625027
1269,1637625066
1281,1637625071
1307,1637625080
1322,1637625085
1331,1637678579
1331,1637678583
1305,1637678604
1294,1637678610
1284,1637678616
1274,1637678621
1213,1637678666
1210,1637678671
1200,1637678680
1178,1637678700
1176,1637678705
1176,1637678710
1176,1637678711
1163,1637678720
1159,1637678723
1143,1637678737
1137,1637678741
1129,1637678747
1112,1637678765
1100,1637678780
1096,1637678785
1093,1637678788
1086,1637678799
1085,1637678801
1050,1637678813
1045,1637678820
1032,1637678825
1030,1637678827
1022,1637678835
1013,1637678840
1004,1637678845
1002,1637678846
1803,1637678852
1799,1637678859
1799,1637678861
978,1637678871
981,1637678877
582,1637694112
597,1637694120
600,1637694121
613,1637694130
616,1637694132
638,1637694143
648,1637694147
730,1637694210
746,1637694215
746,1637694216
770,1637694225
775,1637694229
848,1637694260
861,1637694265
874,1637694270
877,1637694271
889,1637694276
907,1637694293
940,1637694310
947,1637694316
958,1637694330
967,1637694335
969,1637694337
978,1637694349
991,1637725049
1002,1637725056
1012,1637725060
1025,1637725065
1028,1637725068
1041,1637725074
1087,1637725107
1137,1637725133
1166,1637725148
1178,1637725154
1194,1637725174
1198,1637725184
1213,1637725222
1214,1637725230
1212,1637725270
1212,1637725272
1218,1637725295
1221,1637725315
1222,1637725348
1222,1637725355
1222,1637725360
1222,1637725361
1222,1637725373
1222,1637725387
1221,1637725395
1221,1637725400
1221,1637725405
1221,1637725410
1220,1637725415
1221,1637725434
1221,1637725437
1220,1637725469
1222,1637725490
1222,1637725495
1222,1637725496
1222,1637725504
1221,1637725625
1221,1637725630
1221,1637725635
1220,1637725637
1220,1637725645
1220,1637725646
1221,1637725730
1221,1637725735
1221,1637725740
1221,1637725744
1221,1637725745
1221,1637725770
1221,1637725775
1221,1637725776
1221,1637725800
1221,1637725805
1221,1637725810
1221,1637725850
1221,1637725855
1221,1637725860
1221,1637725865
1221,1637725870
1221,1637725875
1221,1637725880
1221,1637725899
1222,1637726004
1222,1637726007
1221,1637726055
1221,1637726060
1221,1637726063
1221,1637726066
598,1638115795
607,1638115799
626,1638115808
650,1638115818
657,1638115823
733,1638115970
737,1638115972
751,1638115978
773,1638115990
777,1638115995
787,1638116000
804,1638116007
829,1638116017
849,1638116028
852,1638116045
858,1638116049
871,1638116056
878,1638116064
890,1638116069
900,1638116073
908,1638116097
913,1638116103
947,1638116125
949,1638116160
951,1638116161
962,1638116167
968,1638116172
971,1638116180
979,1638116225
979,1638116226
979,1638116232
979,1638116239
978,1638116243
978,1638116249
978,1638116255
978,1638116256
978,1638116261
19,1638116274
22,1638116284
29,1638116312
31,1638116317
32,1638116323
36,1638116338
670,1638126660
680,1638126665
692,1638126670
703,1638126675
711,1638126679
716,1638126684
728,1638126692
757,1638126704
771,1638126710
772,1638126711
781,1638126720
793,1638126725
810,1638126732
826,1638126738
857,1638126752
871,1638126758
874,1638126765
876,1638126770
894,1638126780
948,1638126800
967,1638126809
971,1638126815
975,1638126818
980,1638126825
981,1638126830
981,1638126834
582,1638292484
582,1638292486
468,1638292492
603,1638292500
654,1638292520
676,1638292578
716,1638292595
720,1638292607
722,1638292625
723,1638292626
738,1638292632
771,1638292645
774,1638292650
775,1638292655
777,1638292660
785,1638292664
801,1638292670
816,1638292675
822,1638292677
850,1638292689
853,1638292693
882,1638292705
909,1638292715
911,1638292735
965,1638292770
971,1638292775
971,1638292776
982,1638292791
979,1638292808
978,1638292822
978,1638292829
978,1638292839
12,1638292853
17,1638292865
17,1638292870
17,1638292875
19,1638292917
19,1638292922
19,1638292959
19,1638292964
228,1641581675
287,1641581695
300,1641581699
315,1641581704
333,1641581710
337,1641581711
398,1641581727
406,1641581746
416,1641581752
445,1641581760
445,1641581761
473,1641581811
567,1641581870
566,1641581874
573,1641581925
574,1641581926
589,1641581935
616,1641581951
660,1641581970
658,1641581995
658,1641581996
981,1642004555
981,1642004557
981,1642004590
983,1642004710
990,1642004719
1801,1642004722
964,1642004726
22,1642004745
24,1642004746
72,1642004764
95,1642004775
95,1642004776
111,1642004792
132,1642004806
141,1642004813
166,1642004824
197,1642004837
205,1642004841
222,1642004855
247,1642004864
315,1642004889
322,1642004892
384,1642004910
395,1642004913
402,1642004916
417,1642004930
420,1642004931
463,1642004945
586,1642004947
488,1642004954
499,1642004960
504,1642004962
520,1642004970
525,1642004973
565,1642004992
663,1642011425
672,1642011430
674,1642011431
716,1642011447
732,1642011499
750,1642011505
757,1642011507
777,1642011518
791,1642011525
794,1642011526
812,1642011533
856,1642011548
875,1642011554
882,1642011557
894,1642011562
920,1642011578
951,1642011588
963,1642011593
971,1642011598
981,1642011609
981,1642011615
981,1642011625
981,1642011627
983,1642011644
984,1642011648
984,1642011660
983,1642011691
983,1642011699
984,1642011704
984,1642011708
1011,1642011730
1013,1642011731
1019,1642011750
1024,1642011760
1024,1642011801
1024,1642011844
1024,1642011925
1024,1642011926
1024,1642011986
978,1642014055
978,1642014057
986,1642014074
989,1642014081
1804,1642014098
964,1642014110
964,1642014115
964,1642014120
964,1642014122
0,1642014133
10,1642014140
10,1642014142
12,1642014150
60,1642014174
74,1642014180
83,1642014183
112,1642014193
125,1642014198
144,1642014214
159,1642014220
172,1642014225
205,1642014239
316,1642014305
327,1642014309
344,1642014314
387,1642014325
397,1642014328
409,1642014340
409,1642014344
413,1642014349
430,1642014355
459,1642014366
498,1642014383
559,1642014410
1082,1642201744
1083,1642201750
1086,1642201754
1127,1642201783
1140,1642201793
1168,1642201805
1176,1642201809
1194,1642201820
1193,1642201825
980,1642213895
980,1642213900
980,1642213915
980,1642213920
980,1642213925
980,1642213927
987,1642213973
10,1642214000
12,1642214001
35,1642214014
62,1642214027
76,1642214034
88,1642214039
99,1642214045
99,1642214048
108,1642214060
115,1642214063
127,1642214069
150,1642214085
158,1642214088
165,1642214091
180,1642214097
197,1642214104
206,1642214108
213,1642214113
215,1642214117
278,1642214145
287,1642214149
309,1642214158
323,1642214164
333,1642214168
387,1642214185
393,1642214187
407,1642214195
411,1642214200
421,1642214204
439,1642214210
462,1642214220
474,1642214225
485,1642214229
497,1642214236
570,1642214278
591,1642214289
658,1642214324
1019,1642462540
1022,1642462541
1032,1642462549
1050,1642462557
1087,1642462573
1090,1642462578
1130,1642462600
1133,1642462602
1143,1642462610
1143,1642462611
1171,1642462624
1176,1642462626
1802,1642465190
1799,1642465192
10,1642465220
20,1642465225
24,1642465227
33,1642465231
50,1642465238
77,1642465249
95,1642465255
112,1642465261
129,1642465269
146,1642465282
162,1642465289
171,1642465293
187,1642465300
194,1642465303
201,1642465306
212,1642465313
306,1642465355
308,1642465356
329,1642465365
342,1642465369
392,1642465384
412,1642465390
415,1642465391
441,1642465399
469,1642465421
487,1642465429
495,1642465434
496,1642465445
496,1642465450
496,1642465453
498,1642465461
559,1642465495
660,1642465598
