228,1638044915
235,1638044918
263,1638044933
310,1638044956
328,1638044965
331,1638044966
380,1638044980
385,1638044981
401,1638044990
410,1638044994
442,1638045005
455,1638045015
459,1638045019
479,1638045025
488,1638045029
498,1638045071
559,1638045112
571,1641567293
570,1641568470
570,1641568472
573,1641568704
573,1641568708
574,1641568717
612,1641568756
617,1641568765
623,1641568770
624,1641568771
660,1641568796
663,1641568825
663,1641568828
663,1641568831
674,1641568840
676,1641568842
684,1641568869
699,1641568876
727,1641568889
739,1641568894
753,1641568899
768,1641568904
777,1641568910
778,1641568913
816,1641568929
856,1641568945
871,1641568950
882,1641568955
895,1641568960
919,1641568969
949,1641568980
962,1641568985
969,1641568989
971,1641568993
980,1641569004
981,1641569012
981,1641569017
998,1641569045
1010,1641569050
1022,1641569054
1028,1641569059
1050,1641569070
1053,1641569076
1053,1641569083
1083,1641569091
1087,1641569100
1097,1641569109
1104,1641569115
1109,1641569118
1129,1641569129
1130,1641569135
1129,1641569136
1130,1641569142
1137,1641569152
1157,1641569164
1172,1641569173
1183,1641569180
1194,1641569207
1198,1641569220
1199,1641569223
1200,1641569229
1201,1641569230
1204,1641569240
1204,1641569241
1208,1641569250
1209,1641569255
1210,1641569259
1212,1641569268
1216,1641569288
1228,1641569358
1240,1641569419
1234,1641569430
1234,1641569431
1232,1641569505
1232,1641569510
1232,1641569511
1234,1641569521
1238,1641569557
1238,1641569570
1239,1641569584
1239,1641569589
1239,1641569824
1239,1641569826
1239,1641569839
1239,1641569852
1239,1641569879
1239,1641569882
1239,1641569900
1239,1641569905
1239,1641569908
1239,1641570055
1239,1641570080
981,1641571796
981,1641571804
990,1641571834
1802,1641571837
18,1641571855
24,1641571858
75,1641571878
94,1641571885
108,1641571902
146,1641571923
161,1641571929
205,1641571947
214,1641571955
229,1641571962
315,1641571997
339,1641572006
370,1641572015
385,1641572019
413,1641572027
435,1641572033
459,1641572041
586,1641572048
508,1641572065
525,1641572073
563,1641572090
567,1641572094
568,1641572100
568,1641572103
683,1641667569
727,1641667651
749,1641667660
752,1641667661
777,1641667679
793,1641667688
804,1641667693
857,1641667715
876,1641667724
880,1641667726
895,1641667733
964,1641667759
967,1641667762
975,1641667771
1801,1641667795
1802,1641667798
998,1641667804
1012,1641667809
1041,1641667820
1087,1641667850
1090,1641667853
1109,1641667869
1117,1641667872
1154,1641667910
1160,1641667913
1163,1641667916
1181,1641667924
1194,1641667929
1205,1641667935
1803,1641668755
960,1641668769
959,1641668790
959,1641668793
25,1641668823
71,1641668840
86,1641668845
112,1641668885
114,1641668886
145,1641668905
182,1641668919
213,1641668937
222,1641668951
315,1641668985
332,1641668990
407,1641669010
409,1641669015
409,1641669018
410,1641669044
422,1641669053
450,1641669058
461,1641669062
461,1641669074
461,1641669078
461,1641669084
462,1641669086
479,1641669093
486,1641669098
494,1641669103
496,1641669116
497,1641669121
510,1641669130
515,1641669132
568,1641669218
620,1641669251
638,1641669259
643,1641669262
653,1641669267
570,1641671069
572,1641671125
572,1641671130
570,1641671155
571,1641671159
572,1641671169
571,1641671175
738,1641916648
774,1641916661
793,1641916673
828,1641916686
844,1641916693
848,1641916703
876,1641916719
888,1641916724
898,1641916728
905,1641916732
947,1641916760
948,1641916765
971,1641916790
971,1641916793
1168,1642169794
1161,1642169798
1123,1642169828
1052,1642169864
1047,1642169869
1041,1642169872
1026,1642169879
1016,1642169885
1002,1642169890
1804,1642169895
1799,1642169898
975,1642169906
980,1642169920
1195,1642250739
1195,1642250744
1194,1642250749
1176,1642250770
1175,1642250772
1160,1642250780
1136,1642250791
1123,1642250797
1085,1642250823
1053,1642250828
1031,1642250839
1023,1642250847
1011,1642250854
1002,1642250857
993,1642250861
975,1642250871
979,1642250876
981,1642260071
661,1642264020
662,1642264025
665,1642264028
675,1642264039
677,1642264045
684,1642264050
688,1642264052
708,1642264060
712,1642264062
722,1642264110
730,1642264114
739,1642264118
772,1642264130
777,1642264137
792,1642264145
805,1642264150
815,1642264154
844,1642264165
846,1642264166
856,1642264171
878,1642264179
886,1642264183
896,1642264187
905,1642264191
947,1642264220
947,1642264230
947,1642264235
947,1642264238
960,1642264245
964,1642264247
969,1642264255
969,1642264258
981,1642264270
660,1642271024
666,1642271040
671,1642271043
679,1642271050
679,1642271054
682,1642271060
691,1642271065
704,1642271070
709,1642271072
720,1642271080
720,1642271085
720,1642271090
720,1642271095
720,1642271120
720,1642271125
720,1642271130
720,1642271135
720,1642271140
721,1642271145
729,1642271149
746,1642271155
782,1642271174
793,1642271179
806,1642271184
814,1642271187
849,1642271199
878,1642271209
894,1642271215
961,1642271280
963,1642271281
971,1642271292
981,1642271300
981,1642271320
984,1642271344
1004,1642271367
979,1642271373
979,1642271378
980,1642271446
980,1642271472
980,1642271481
980,1642271486
19,1642271501
22,1642271511
31,1642271538
33,1642271545
35,1642271551
37,1642271578
37,1642271582
37,1642271595
897,1642271686
50,1642271979
50,1642271982
592,1642514689
614,1642514700
615,1642514705
617,1642514710
634,1642514720
660,1642514750
699,1642514785
706,1642514788
732,1642514805
737,1642514807
747,1642514811
770,1642514820
775,1642514825
782,1642514830
792,1642514835
806,1642514841
849,1642514860
870,1642514869
881,1642514874
886,1642514876
902,1642514892
471,1642516566
586,1642516580
589,1642516584
590,1642516585
660,1642516624
661,1642516629
666,1642516665
676,1642516670
690,1642516675
704,1642516680
715,1642516685
739,1642516714
753,1642516720
770,1642516730
774,1642516734
776,1642516740
781,1642516744
792,1642516750
802,1642516755
811,1642516759
816,1642516761
842,1642516772
851,1642516776
870,1642516784
875,1642516799
886,1642516805
901,1642516814
901,1642516820
901,1642516821
