679,1634601405
679,1634601409
690,1634601414
705,1634601420
718,1634601425
723,1634601430
740,1634601435
756,1634601440
772,1634601445
776,1634601450
782,1634601455
794,1634601460
807,1634601465
820,1634601470
829,1634601474
840,1634601479
851,1634601484
867,1634601489
886,1634601495
901,1634601500
907,1634601505
907,1634601510
906,1634601515
904,1634601520
904,1634601524
904,1634601528
900,1634601540
898,1634601545
895,1634601550
893,1634601555
891,1634601559
890,1634601575
890,1634601580
890,1634601585
891,1634601587
891,1634601595
891,1634601600
890,1634601605
891,1634601610
893,1634601615
897,1634601620
897,1634601625
897,1634601630
897,1634601635
896,1634601640
896,1634601645
897,1634601650
897,1634601655
896,1634601660
897,1634601665
897,1634601670
896,1634601675
896,1634601680
896,1634601685
896,1634601690
896,1634601695
896,1634601700
897,1634601705
897,1634601710
897,1634601715
897,1634601720
897,1634601725
897,1634601730
897,1634601735
898,1634601740
897,1634601745
897,1634601750
897,1634601755
897,1634601760
897,1634601765
897,1634601770
897,1634601775
897,1634601780
897,1634601785
897,1634601790
897,1634601795
897,1634601800
897,1634601805
897,1634601810
897,1634601815
897,1634601820
897,1634601825
897,1634601830
897,1634601835
897,1634601840
897,1634601845
897,1634601850
897,1634601855
896,1634601860
896,1634601865
896,1634601870
896,1634601875
896,1634601880
896,1634601885
896,1634601890
896,1634601895
898,1634601900
898,1634601905
898,1634601910
898,1634601915
898,1634601920
898,1634601925
898,1634601930
898,1634601935
898,1634601940
898,1634601945
898,1634601950
900,1634601955
900,1634601960
900,1634601965
900,1634601970
900,1634601975
901,1634601980
900,1634601985
898,1634601990
898,1634601995
897,1634602000
897,1634602005
897,1634602010
898,1634602015
897,1634602020
897,1634602025
896,1634602030
896,1634602035
895,1634602040
896,1634602045
896,1634602050
896,1634602055
896,1634602060
897,1634602065
897,1634602070
896,1634602075
896,1634602080
897,1634602085
897,1634602090
897,1634602095
896,1634602100
896,1634602105
896,1634602110
896,1634602115
896,1634602120
896,1634602125
896,1634602130
896,1634602135
896,1634602140
896,1634602145
896,1634602150
896,1634602155
896,1634602160
896,1634602165
896,1634602170
896,1634602175
896,1634602180
896,1634602185
896,1634602190
896,1634602195
896,1634602200
896,1634602205
896,1634602210
896,1634602215
896,1634602220
896,1634602225
896,1634602230
896,1634602235
896,1634602240
896,1634602245
896,1634602250
896,1634602255
896,1634602260
896,1634602265
896,1634602270
897,1634602275
897,1634602280
897,1634602285
897,1634602290
897,1634602295
897,1634602300
897,1634602305
897,1634602310
897,1634602315
897,1634602320
895,1634602325
894,1634602330
894,1634602335
894,1634602340
894,1634602345
894,1634602350
894,1634602355
894,1634602360
894,1634602365
895,1634602370
894,1634602375
893,1634602380
893,1634602385
892,1634602390
892,1634602395
893,1634602400
893,1634602405
893,1634602410
893,1634602415
893,1634602417
894,1634608295
213,1634858325
213,1634858329
213,1634858330
225,1634858345
239,1634858350
252,1634858355
256,1634858357
277,1634858365
291,1634858370
305,1634858375
318,1634858380
331,1634858385
349,1634858390
363,1634858394
384,1634858400
397,1634858405
404,1634858409
407,1634858415
407,1634858420
407,1634858425
407,1634858430
407,1634858435
407,1634858440
408,1634858441
489,1634858470
497,1634858475
503,1634858480
512,1634858485
522,1634858490
525,1634858493
537,1634858500
562,1634858515
567,1634858520
569,1634858525
569,1634858529
570,1634858539
580,1634858550
581,1634858554
582,1634858560
470,1634858565
592,1634858570
605,1634858575
614,1634858580
617,1634858585
619,1634858590
624,1634858595
631,1634858600
641,1634858605
651,1634858610
659,1634858615
660,1634858620
661,1634858625
659,1634935362
982,1635029745
982,1635029750
982,1635029753
983,1635029765
987,1635029770
989,1635029775
992,1635029780
997,1635029785
1004,1635029790
1013,1635029795
1021,1635029800
1027,1635029805
1030,1635029810
1044,1635029815
1050,1635029820
1052,1635029825
1053,1635029830
1084,1635029835
1087,1635029840
1089,1635029845
1093,1635029850
1099,1635029855
1103,1635029860
1110,1635029865
1116,1635029870
1126,1635029875
1136,1635029880
1140,1635029883
1152,1635029890
1158,1635029895
1164,1635029900
1173,1635029905
1185,1635029910
1193,1635029915
1192,1635029920
1192,1635029925
1197,1635029930
1206,1635029935
1216,1635029940
1228,1635029945
1239,1635029950
1250,1635029955
1259,1635029960
1269,1635029965
1279,1635029970
1291,1635029975
1304,1635029980
1316,1635029985
1323,1635029988
990,1635136105
992,1635136110
1000,1635136115
1013,1635136120
1026,1635136125
1031,1635136130
1048,1635136135
1052,1635136140
1053,1635136145
1053,1635136150
1053,1635136155
1053,1635136160
1087,1635136165
1091,1635136170
1098,1635136175
1100,1635136177
1106,1635136183
1125,1635136190
1133,1635136194
1140,1635136200
1146,1635136205
1156,1635136210
1164,1635136215
1174,1635136220
1185,1635136225
1192,1635136230
1192,1635136235
1191,1635136240
1192,1635136245
1198,1635136249
1211,1635136260
1223,1635136265
1232,1635136268
1242,1635136272
1263,1635136285
1302,1635136300
1318,1635136305
1330,1635136310
1333,1635136315
1333,1635136320
1334,1635136325
1337,1635136335
1338,1635136340
1339,1635136345
1341,1635136350
1342,1635136355
1343,1635136360
1344,1635136365
1343,1635136370
1343,1635136375
1343,1635136380
1343,1635136385
1343,1635136390
1343,1635136395
1343,1635136400
1343,1635136405
1344,1635136410
1344,1635136415
1345,1635136420
1347,1635136425
1346,1635136427
1346,1635136431
1346,1635136436
1346,1635136441
1347,1635136448
1347,1635136452
1347,1635136458
1347,1635136464
1348,1635136468
1352,1635136474
1351,1635136485
1351,1635136490
1351,1635136495
1350,1635136500
1350,1635136505
1349,1635136510
1349,1635136515
1349,1635136520
1349,1635136525
1350,1635136530
1349,1635136535
1349,1635136540
1348,1635136545
1348,1635136550
1348,1635136555
1348,1635136560
1350,1635136565
1350,1635136570
1350,1635136575
1350,1635136580
1349,1635136585
1349,1635136590
1349,1635136595
1350,1635136600
1349,1635136605
1349,1635136610
1349,1635136615
1350,1635136620
1350,1635136625
1351,1635136629
1351,1635136640
1350,1635136645
1350,1635136650
1349,1635136655
1349,1635136660
1348,1635136665
1348,1635136670
1348,1635136675
1349,1635136680
1348,1635136685
1348,1635136690
1349,1635136695
1348,1635136700
1348,1635136705
1348,1635136710
1348,1635136715
1348,1635136720
1348,1635136725
1349,1635136730
1350,1635136735
1350,1635136740
1349,1635136746
1348,1635136750
1350,1635136755
1349,1635136760
1349,1635136765
1349,1635136770
1349,1635136775
1349,1635136780
1349,1635136785
1349,1635136790
1349,1635136795
1349,1635136800
1349,1635136805
1350,1635136810
1349,1635136815
1348,1635136820
1345,1635136825
1341,1635136830
1345,1635136835
1348,1635136840
1348,1635136845
1348,1635136850
1348,1635136855
1349,1635136860
1349,1635136875
1349,1635136880
1348,1635136885
1348,1635136890
1348,1635136895
1348,1635136900
1348,1635136905
1348,1635136910
1348,1635136915
1348,1635136920
1348,1635136925
1350,1635136930
1349,1635136935
1348,1635136940
1347,1635136945
1347,1635136950
1348,1635136955
1348,1635136960
1348,1635136965
1348,1635136969
1348,1635136975
1348,1635136980
1348,1635136985
1347,1635136990
1347,1635136995
1348,1635137000
1349,1635137005
1349,1635137007
1349,1635137015
1348,1635137020
1348,1635137025
1347,1635137030
1347,1635137035
1347,1635137040
1347,1635137045
1349,1635137050
1350,1635137055
1350,1635137060
1350,1635137065
1350,1635137070
1350,1635137075
1350,1635137080
1349,1635137085
1349,1635137090
1348,1635137095
1348,1635137100
1348,1635137105
1347,1635137110
1347,1635137115
1347,1635137120
1347,1635137125
1347,1635137130
1347,1635137135
1347,1635137140
1347,1635137145
1347,1635137150
1348,1635137155
1349,1635137159
1350,1635137162
980,1635213873
991,1635307370
1804,1635307372
969,1635307380
961,1635307385
960,1635307390
960,1635307394
7,1635307410
18,1635307415
25,1635307420
37,1635307425
48,1635307430
59,1635307435
69,1635307440
82,1635307445
96,1635307450
110,1635307455
124,1635307460
129,1635307465
132,1635307470
134,1635307475
140,1635307480
143,1635307484
147,1635307490
156,1635307495
166,1635307500
176,1635307505
189,1635307510
199,1635307515
206,1635307518
221,1635307535
229,1635307539
236,1635307542
263,1635307554
282,1635307563
298,1635307570
310,1635307575
321,1635307580
331,1635307585
345,1635307590
353,1635307593
374,1635307600
389,1635307605
403,1635307609
422,1635307615
428,1635307617
450,1635307625
458,1635307630
460,1635307635
461,1635307640
461,1635307645
461,1635307650
470,1635307655
481,1635307659
492,1635307665
495,1635307670
495,1635307675
496,1635307680
496,1635307685
496,1635307687
502,1635307695
509,1635307700
519,1635307705
525,1635307710
530,1635307715
533,1635307717
547,1635307724
564,1635307735
569,1635307740
573,1635307745
572,1635307750
575,1635307755
580,1635307760
584,1635307765
467,1635307770
591,1635307775
599,1635307780
611,1635307785
615,1635307789
616,1635307795
616,1635307801
617,1635307805
624,1635307810
632,1635307815
642,1635307820
651,1635307825
659,1635307830
663,1635307835
662,1635307840
662,1635307843
663,1635307846
219,1635378955
221,1635378960
230,1635378965
241,1635378970
244,1635378972
256,1635378977
263,1635378981
313,1635379005
323,1635379010
333,1635379015
348,1635379020
360,1635379024
380,1635379030
393,1635379035
402,1635379040
406,1635379045
407,1635379050
407,1635379055
409,1635379060
418,1635379065
433,1635379070
448,1635379075
461,1635379080
462,1635379081
586,1635379090
483,1635379095
494,1635379100
502,1635379105
510,1635379110
520,1635379115
526,1635379120
532,1635379124
546,1635379130
548,1635379131
561,1635379140
563,1635379142
568,1635379150
568,1635379155
568,1635379160
566,1635379165
568,1635379170
571,1635379173
579,1635379179
583,1635379185
583,1635379190
583,1635379191
583,1635379200
583,1635379204
585,1635379209
591,1635379215
601,1635379220
611,1635379225
662,1635379265
663,1635379270
663,1635379273
663,1635379280
663,1635379283
669,1635379290
675,1635379295
677,1635379300
678,1635379305
681,1635379310
689,1635379315
700,1635379320
717,1635379328
731,1635379336
739,1635379340
752,1635379345
758,1635379347
775,1635379355
777,1635379360
782,1635379365
793,1635379370
804,1635379375
817,1635379381
826,1635379385
837,1635379390
847,1635379395
858,1635379400
872,1635379405
881,1635379410
890,1635379415
902,1635379420
908,1635379425
908,1635379430
915,1635379435
925,1635379439
940,1635379445
948,1635379450
949,1635379452
949,1635379460
949,1635379463
949,1635379470
949,1635379475
949,1635379480
953,1635379485
962,1635379490
1799,1635379495
1801,1635379500
975,1635379505
979,1635379509
982,1635379513
983,1635453925
982,1635453930
982,1635453935
982,1635453940
982,1635453945
982,1635453950
982,1635453952
981,1635453995
981,1635454000
981,1635454005
981,1635454010
981,1635454015
981,1635454020
981,1635454025
981,1635454029
981,1635454031
982,1635454050
982,1635454055
982,1635454059
982,1635454065
982,1635454070
982,1635454075
982,1635454080
983,1635454085
983,1635454091
983,1635454095
983,1635454100
983,1635454105
983,1635454110
983,1635454115
983,1635454120
983,1635454125
983,1635454130
983,1635454135
983,1635454140
983,1635454145
983,1635454150
985,1635454155
989,1635454160
991,1635454165
1800,1635454170
963,1635454175
963,1635454180
963,1635454185
959,1635454190
3,1635454195
10,1635454200
17,1635454205
26,1635454210
35,1635454215
46,1635454220
57,1635454225
68,1635454230
77,1635454235
87,1635454240
100,1635454245
100,1635454250
100,1635454255
100,1635454260
100,1635454265
107,1635454270
116,1635454275
125,1635454280
131,1635454285
137,1635454290
146,1635454295
157,1635454300
167,1635454304
183,1635454310
196,1635454315
208,1635454320
211,1635454325
214,1635454330
216,1635454334
223,1635454338
235,1635454344
247,1635454349
261,1635454355
273,1635454360
285,1635454365
298,1635454370
311,1635454375
324,1635454380
340,1635454385
357,1635454390
374,1635454395
393,1635454400
406,1635454405
407,1635454410
407,1635454415
407,1635454420
408,1635454425
411,1635454430
423,1635454435
439,1635454440
454,1635454445
465,1635454450
478,1635454455
491,1635454460
500,1635454465
509,1635454470
517,1635454475
525,1635454480
533,1635454485
544,1635454490
548,1635454492
559,1635454500
567,1635454505
570,1635454510
569,1635454515
569,1635454520
570,1635454525
576,1635454530
581,1635454535
583,1635454540
583,1635454545
583,1635454550
583,1635454555
584,1635454560
584,1635454565
585,1635454570
591,1635454575
602,1635454580
613,1635454585
624,1635454590
635,1635454595
645,1635454600
654,1635454605
660,1635454610
661,1635454615
1804,1635548323
961,1635548329
954,1635548335
7,1635548343
15,1635548351
30,1635548358
38,1635548361
51,1635548366
73,1635548375
81,1635548378
96,1635548384
102,1635548386
113,1635548391
131,1635548405
148,1635548415
156,1635548418
182,1635548428
199,1635548435
496,1635548655
497,1635548658
559,1635548694
567,1635548725
467,1635548750
616,1635548769
633,1635548789
652,1635548798
1211,1635638317
1219,1635638321
1252,1635638335
1255,1635638338
1266,1635638344
1280,1635638350
1339,1635638383
1351,1635638388
1377,1635638396
1396,1635638410
980,1635720749
980,1635720755
980,1635720757
980,1635720765
984,1635720777
990,1635720784
1801,1635720788
962,1635720794
0,1635720798
22,1635720818
63,1635720835
72,1635720840
82,1635720845
101,1635720852
124,1635720861
150,1635720879
159,1635720882
204,1635720899
221,1635720929
244,1635720938
263,1635720946
312,1635720963
327,1635720969
404,1635720993
408,1635721017
412,1635721023
438,1635721030
447,1635721032
562,1635721085
567,1635721092
575,1635721113
576,1635721120
576,1635721125
579,1635721150
580,1635721152
604,1635721165
615,1635721169
623,1635721172
644,1635721180
657,1635721186
660,1635721193
1308,1635776175
1298,1635776180
1295,1635776181
1281,1635776188
1256,1635776205
1225,1635776219
1215,1635776230
1214,1635776231
1199,1635776241
1184,1635776253
1176,1635776259
1170,1635776270
1168,1635776271
1156,1635776279
1152,1635776281
1797,1635776291
1098,1635776313
1088,1635776322
1086,1635776329
1086,1635776333
1051,1635776352
1041,1635776360
1030,1635776365
1020,1635776373
1002,1635776381
1803,1635776388
1801,1635776395
1801,1635776396
974,1635776404
981,1635776415
980,1635776420
1295,1635777753
1258,1635777773
1222,1635777790
1198,1635777810
1196,1635777812
1180,1635777840
1176,1635777844
1156,1635777862
1797,1635777888
1087,1635777947
1053,1635777956
1032,1635777969
1029,1635777973
1022,1635777979
1007,1635777988
1006,1635777990
1006,1635777991
1002,1635777999
973,1635778013
978,1635778019
1187,1635786728
1176,1635786741
1176,1635786743
1161,1635786752
1153,1635786757
1145,1635786772
1145,1635786784
1090,1635786823
1086,1635786829
1053,1635786837
1031,1635786850
1028,1635786853
1002,1635786869
970,1635786880
240,1635798777
305,1635798806
328,1635798815
341,1635798819
373,1635798829
378,1635798831
402,1635798840
414,1635798844
420,1635798846
432,1635798850
462,1635798864
481,1635798871
498,1635798918
524,1635798934
524,1635798937
559,1635798961
982,1635799326
983,1635799345
984,1635799347
990,1635799355
994,1635799359
1005,1635799366
1012,1635799369
1026,1635799375
1030,1635799380
1041,1635799385
1047,1635799388
1052,1635799396
1082,1635799406
1093,1635799419
1123,1635799441
1136,1635799489
1172,1635799510
1179,1635799514
1192,1635799538
1202,1635799544
1206,1635799547
1208,1635799554
1227,1635799569
1250,1635799580
1254,1635799585
1257,1635799588
1271,1635799595
1278,1635799598
1291,1635799603
1338,1635799620
1346,1635799623
1380,1635799635
1381,1635799636
1392,1635799643
1391,1635799673
1388,1635799684
1387,1635799694
1370,1635800191
1370,1635800196
1370,1635800249
1370,1635800251
1370,1635800265
1370,1635800270
1370,1635800275
1370,1635800280
1370,1635800285
1370,1635800291
1370,1635800296
1369,1635800380
1369,1635800383
1370,1635800755
1370,1635800761
1370,1635800775
1369,1635801206
1369,1635801324
1369,1635801338
1370,1635801349
1370,1635801354
1443,1635802124
1443,1635806949
990,1635874959
990,1635874962
1803,1635874970
1802,1635874971
20,1635874990
22,1635874991
71,1635875013
87,1635875019
95,1635875022
111,1635875056
132,1635875069
139,1635875074
145,1635875076
158,1635875081
204,1635875098
214,1635875110
244,1635875125
249,1635875128
327,1635875170
332,1635875172
371,1635875183
385,1635875187
400,1635875194
402,1635875197
402,1635875204
402,1635875207
420,1635875224
438,1635875229
449,1635875233
456,1635875246
459,1635875258
586,1635875263
495,1635875277
500,1635875298
521,1635875310
525,1635875315
550,1635875327
994,1635884843
1007,1635884850
1007,1635884851
1023,1635884856
1050,1635884872
1082,1635884883
1087,1635884890
1088,1635884892
1110,1635884908
1125,1635884918
1154,1635884939
1163,1635884944
1175,1635884950
1188,1635884955
1194,1635884959
676,1636053052
695,1636053062
741,1636053084
757,1636053090
776,1636053100
779,1636053104
790,1636053110
792,1636053111
806,1636053117
824,1636053125
827,1636053126
839,1636053131
859,1636053140
861,1636053141
879,1636053147
923,1636053161
941,1636053167
947,1636053174
951,1636053177
971,1636053189
971,1636053192
980,1636053210
980,1636053214
699,1636059374
730,1636059473
746,1636059480
756,1636059484
769,1636059489
774,1636059492
777,1636059498
788,1636059505
793,1636059507
807,1636059513
816,1636059517
842,1636059528
860,1636059536
881,1636059544
898,1636059550
928,1636059560
940,1636059564
944,1636059566
965,1636059597
971,1636059602
971,1636059606
978,1636059612
979,1636059616
979,1636059623
983,1636059640
984,1636059643
984,1636059672
983,1636059681
684,1636135165
729,1636135200
757,1636135212
777,1636135226
784,1636135230
793,1636135234
806,1636135239
814,1636135242
842,1636135253
848,1636135260
859,1636135275
875,1636135283
885,1636135288
895,1636135292
905,1636135297
940,1636135330
947,1636135334
948,1636135339
951,1636135342
966,1636135350
967,1636135351
986,1636135360
979,1636135365
980,1636135370
981,1636135375
981,1636135380
981,1636135381
982,1636135386
982,1636135394
984,1636135401
661,1636205273
663,1636205284
692,1636205300
701,1636205305
711,1636205310
717,1636205314
721,1636205317
736,1636205325
749,1636205330
756,1636205333
770,1636205340
771,1636205341
792,1636205359
824,1636205373
842,1636205382
853,1636205395
857,1636205397
882,1636205410
891,1636205414
904,1636205421
940,1636205445
965,1636205457
971,1636205465
973,1636205468
981,1636205480
981,1636205483
980,1636205490
978,1636205501
12,1636205520
18,1636205540
20,1636205546
22,1636205556
27,1636205575
28,1636205578
29,1636205582
36,1636205624
37,1636205640
37,1636205655
679,1637081000
692,1637081005
703,1637081010
705,1637081013
713,1637081035
713,1637081040
717,1637081045
717,1637081050
736,1637081070
749,1637081074
769,1637081080
771,1637081084
782,1637081095
792,1637081098
808,1637081105
819,1637081109
827,1637081114
843,1637081120
843,1637081125
843,1637081127
850,1637081133
857,1637081140
870,1637081145
880,1637081149
889,1637081154
897,1637081154
902,1637081190
989,1637089575
963,1637089585
960,1637089590
961,1637089595
961,1637089599
0,1637089630
16,1637089640
27,1637089645
72,1637089663
131,1637089688
134,1637089691
155,1637089699
173,1637089705
199,1637089715
204,1637089718
214,1637089759
236,1637089773
314,1637089804
329,1637089810
344,1637089815
403,1637089834
424,1637089865
461,1637089878
463,1637089885
463,1637089890
463,1637089895
587,1637089900
477,1637089903
498,1637089940
503,1637089943
520,1637089952
548,1637089975
571,1637090011
602,1637090032
611,1637090045
611,1637090050
611,1637090054
619,1637090060
629,1637090065
636,1637090068
653,1637090075
655,1637090076
982,1637096299
981,1637096304
981,1637096309
981,1637096315
981,1637096316
981,1637096325
981,1637096326
981,1637096358
981,1637096380
981,1637096382
981,1637096404
982,1637096445
991,1637096460
994,1637096462
1002,1637096467
1041,1637096482
1053,1637096493
1053,1637096502
1084,1637096507
1090,1637096513
1096,1637096518
1106,1637096525
1144,1637096542
1183,1637096559
1217,1637096598
1227,1637096602
1252,1637096614
1257,1637096618
1277,1637096626
1292,1637096631
990,1637800264
1802,1637800268
964,1637800273
961,1637800276
962,1637800285
962,1637800290
962,1637800295
962,1637800300
962,1637800305
962,1637800310
962,1637800311
1,1637800318
7,1637800321
18,1637800329
38,1637800338
81,1637800355
90,1637800358
99,1637800364
131,1637800380
202,1637800412
204,1637800413
212,1637800437
315,1637800479
331,1637800485
348,1637800490
428,1637800510
446,1637800515
451,1637800517
459,1637800525
459,1637800529
459,1637800532
485,1637800544
499,1637800555
506,1637800559
519,1637800565
524,1637800573
561,1637800595
564,1637800598
566,1637800602
580,1637800658
649,1637800705
653,1637800707
660,1637800743
657,1637800755
656,1637800759
651,1637800803
649,1637800823
646,1637800906
646,1637800947
499,1637800996
499,1637801195
499,1637801196
499,1637801269
499,1637801274
499,1637801558
499,1637801560
570,1641567414
568,1641567420
570,1641567425
570,1641567426
573,1641567500
573,1641567502
569,1641567560
569,1641567561
669,1641567864
682,1641567870
694,1641567875
703,1641567879
712,1641567883
726,1641567955
727,1641567956
745,1641567964
757,1641567968
772,1641567974
775,1641567979
776,1641567983
789,1641567989
805,1641567995
813,1641567998
843,1641568009
851,1641568012
872,1641568019
888,1641568025
905,1641568034
934,1641568055
943,1641568059
971,1641568102
980,1641568109
990,1641568140
994,1641568145
1000,1641568149
1005,1641568151
1030,1641568163
1046,1641568170
1053,1641568185
1084,1641568194
1089,1641568205
1093,1641568209
1137,1641568247
1147,1641568253
1160,1641568261
1175,1641568269
1225,1641568310
1229,1641568334
1229,1641568346
1233,1641568491
1242,1641568520
1242,1641568524
1238,1641568545
1238,1641568547
1239,1641568565
1229,1641568647
1228,1641568654
1227,1641568660
1226,1641568688
1212,1641568735
1212,1641568736
1196,1641568770
1194,1641568785
1194,1641568799
