527,1635274368
527,1635274491
527,1635480530
527,1635482814
527,1635483530
527,1635502418
527,1635503214
527,1635503336
527,1635504227
527,1635504350
527,1635504401
527,1635504525
527,1635505199
527,1635505314
527,1635505436
527,1635506498
527,1635506622
527,1635510717
527,1635511002
527,1635511124
527,1635511361
527,1635511416
527,1635512089
527,1635512212
527,1635512336
527,1635512459
527,1635513581
527,1635513707
527,1635513939
527,1635515155
527,1635517297
527,1635520916
527,1635521039
527,1635521807
527,1635522769
527,1635523006
527,1635523131
527,1635524214
527,1635524336
527,1635524563
527,1635524698
527,1635525949
527,1635527639
527,1635528354
527,1635534229
527,1635537702
527,1635538007
527,1635538537
527,1635538659
527,1635538838
527,1635539335
527,1635539569
527,1635595778
527,1635595968
527,1635596019
527,1635596086
527,1635596211
527,1635596267
527,1635596337
527,1635596454
527,1635596514
527,1635596617
527,1635596691
527,1635596740
527,1635596922
527,1635597108
527,1635607980
861,1636237930
861,1636237935
861,1636237941
861,1636237947
527,1638133019
527,1638133303
527,1638133372
725,1638133859
725,1638133907
734,1638134214
769,1638135837
1671,1638135938
1662,1638136124
1666,1638136417
1747,1638136477
1284,1638136858
1388,1638136917
1290,1638137030
1176,1638137090
477,1638137574
688,1638137759
803,1638137817
919,1638137876
118,1638138042
999,1638138700
1092,1638138761
1175,1638138817
1392,1638138940
1392,1638139013
1481,1638139187
1364,1638139359
1138,1638139488
46,1638140448
148,1638140517
592,1638140813
122,1638141228
662,1638141595
886,1638141716
59,1638142059
1117,1638142542
37,1638145724
983,1638145863
111,1638146501
67,1638146520
762,1638146916
166,1638147060
1391,1638147295
1285,1638147417
616,1638148262
1339,1638148606
1448,1638148663
1561,1638148727
1671,1638148789
714,1638149040
956,1638150908
1260,1638151803
1368,1638152407
1412,1638153187
1311,1638153669
267,1638182646
698,1638183605
817,1638184263
932,1638184801
1044,1638185587
1116,1638186242
734,1638186897
767,1638187116
796,1638187443
1175,1638187491
1184,1638188328
1190,1638188383
752,1638188589
1388,1638188630
1277,1638188737
1161,1638188869
1087,1638188927
283,1638189759
734,1638189846
712,1638190065
952,1638190300
734,1638190389
1004,1638191510
1004,1638192157
37,1638192399
140,1638192474
247,1638192532
669,1638193298
59,1638193918
58,1638193970
52,1638194264
984,1638196258
974,1638197199
62,1638197325
163,1638197390
721,1638197867
1024,1638198158
1107,1638199318
1024,1638199658
1190,1638200080
1481,1638200923
1481,1638200977
1464,1638201108
1481,1638203507
1227,1638204473
1176,1638204534
1172,1638204544
1164,1638204550
1158,1638204554
1149,1638204560
1142,1638204574
1139,1638204578
1109,1638204600
1102,1638204605
1099,1638204610
1097,1638204612
1086,1638204629
1033,1638204650
1030,1638204654
1027,1638204658
1010,1638204675
1008,1638204685
1010,1638204689
1011,1638204692
1013,1638204697
1015,1638204705
1015,1638204710
1015,1638204715
1015,1638204717
1024,1638204735
1024,1638204740
1024,1638204742
43,1638204757
983,1638204761
983,1638204775
983,1638204776
38,1638204804
39,1638204807
36,1638204828
36,1638204843
36,1638204855
36,1638204869
35,1638204873
35,1638204892
37,1638204905
37,1638204908
33,1638204942
32,1638204955
32,1638204956
32,1638204970
32,1638204975
32,1638204981
30,1638205019
273,1638205308
1005,1638206329
1305,1638206617
60,1638207156
163,1638207224
1090,1638208186
1093,1638208733
1006,1638208792
955,1638210957
541,1638211299
1167,1638212446
1285,1638212565
1389,1638212633
1099,1638212999
1024,1638213296
1000,1638213523
1391,1638214119
1284,1638214236
1087,1638214487
1032,1638215026
1245,1638215500
962,1638215812
96,1638215878
752,1638216282
768,1638217078
724,1638217243
724,1638217306
752,1638217482
734,1638217608
1802,1638219643
81,1638219701
183,1638219764
293,1638219827
730,1638220190
172,1638220731
276,1638220785
942,1638221211
982,1638221310
982,1638221313
992,1638221328
1006,1638221338
1041,1638221359
1049,1638221365
1052,1638221370
1053,1638221372
1083,1638221377
1082,1638221383
1083,1638221387
1087,1638221394
1093,1638221399
1101,1638221405
1109,1638221410
1121,1638221415
1123,1638221416
1136,1638221422
1143,1638221426
1162,1638221435
1170,1638221439
1183,1638221444
1190,1638221447
1194,1638221451
1198,1638221462
1212,1638221469
1221,1638221473
1261,1638221490
1275,1638221495
1290,1638221500
1293,1638221501
1336,1638221515
1381,1638221529
1389,1638221535
1398,1638221545
1396,1638221547
1355,1638221622
1228,1638221688
1113,1638221753
12,1638222037
112,1638222109
207,1638222163
310,1638222222
989,1638222836
858,1638222889
780,1638222948
571,1638223168
571,1638223170
580,1638223179
580,1638223182
581,1638223200
581,1638223205
650,1638223246
693,1638223285
704,1638223290
708,1638223293
715,1638223309
718,1638223315
719,1638223316
749,1638223327
770,1638223335
775,1638223338
792,1638223350
795,1638223351
818,1638223360
828,1638223364
851,1638223374
856,1638223376
876,1638223384
897,1638223394
913,1638223405
940,1638223418
947,1638223423
967,1638223459
1799,1638223464
1053,1638223604
1464,1638223839
1481,1638223976
1482,1638224918
1464,1638225037
1356,1638225112
1248,1638225160
1050,1638225285
982,1638225459
1389,1638225838
44,1638226242
801,1638226910
919,1638226976
1224,1638227271
1334,1638227320
1359,1638227394
1050,1638227579
88,1638227798
188,1638227872
751,1638228282
1053,1638229363
1155,1638229606
1155,1638229912
1154,1638232665
1156,1638232913
84,1638233146
183,1638233199
1053,1638233870
1139,1638233930
664,1638235066
1396,1638235609
1290,1638235678
1174,1638235729
1164,1638240414
1284,1638240475
1304,1638240577
1270,1638241795
413,1638242923
734,1638245797
1366,1638266642
1397,1638268269
1297,1638268921
1181,1638269520
139,1638270065
241,1638270666
340,1638271200
458,1638271807
575,1638272527
734,1638272875
734,1638272977
767,1638273157
803,1638273296
1178,1638273417
1177,1638273523
884,1638273609
1177,1638273881
1178,1638274184
905,1638274316
780,1638274371
1006,1638274985
579,1638275218
1094,1638275588
1087,1638276052
1162,1638276112
1183,1638276242
1298,1638276905
1092,1638277262
1328,1638277616
999,1638277804
1326,1638277838
1109,1638278096
1028,1638278151
890,1638279122
410,1638279848
61,1638280297
61,1638280363
484,1638280445
59,1638280607
983,1638280843
77,1638282833
737,1638283497
1024,1638283918
983,1638284136
1099,1638285116
733,1638286129
992,1638286300
1024,1638286432
1087,1638286782
1394,1638287203
1481,1638287744
1481,1638289897
1480,1638290078
1481,1638290387
1238,1638290798
192,1638291229
415,1638291351
645,1638291581
758,1638291702
71,1638292613
170,1638292679
35,1638294223
134,1638294288
339,1638294414
678,1638294828
911,1638295007
986,1638295308
989,1638295315
989,1638295317
990,1638295325
999,1638295330
1012,1638295336
1028,1638295345
1031,1638295348
1052,1638295360
1082,1638295369
1083,1638295377
1087,1638295385
1098,1638295394
1137,1638295413
1158,1638295425
1167,1638295430
1178,1638295435
1190,1638295440
1192,1638295443
1193,1638295448
1199,1638295462
1210,1638295470
1221,1638295475
1239,1638295482
1267,1638295499
1284,1638295507
1339,1638295525
1359,1638295532
1375,1638295537
1392,1638295580
1388,1638295594
1387,1638295600
1387,1638295629
1387,1638295631
1387,1638295635
1387,1638295640
1387,1638295645
1387,1638295652
1370,1638295956
1089,1638297043
1168,1638297100
1283,1638297162
1481,1638297412
1461,1638297653
1394,1638297839
1289,1638298009
1010,1638298357
574,1638299395
978,1638299962
984,1638300237
1163,1638300415
1283,1638300522
1388,1638300579
1307,1638300712
759,1638301966
62,1638302441
62,1638302692
956,1638303167
724,1638303472
734,1638305261
752,1638305503
769,1638305577
822,1638305689
1047,1638305859
1047,1638306232
100,1638306416
190,1638306459
295,1638306516
734,1638306827
848,1638306879
1382,1638307969
1313,1638308026
1198,1638308092
1101,1638308147
906,1638308377
1380,1638309285
1314,1638309353
1199,1638309399
1796,1638309641
1482,1638309817
1048,1638311575
983,1638311743
862,1638311935
715,1638312280
957,1638312411
69,1638312877
273,1638313003
827,1638313360
1351,1638313674
1237,1638313798
1123,1638313854
1046,1638313903
955,1638314020
752,1638314457
867,1638314505
1287,1638314804
1087,1638315411
1165,1638315474
1282,1638315528
985,1638315947
814,1638316605
1786,1638316733
1694,1638316788
1480,1638318780
1481,1638319180
1278,1638321406
1315,1638321521
1164,1638322679
1281,1638322724
1044,1638326997
985,1638331134
951,1638331619
1053,1638331661
810,1638331794
734,1638332260
70,1638353405
274,1638354306
381,1638354787
613,1638356105
935,1638356462
1087,1638358925
1160,1638359584
1103,1638360124
1026,1638360661
984,1638362049
734,1638367250
1310,1638367320
768,1638367432
798,1638367546
1135,1638367605
1148,1638367793
1149,1638368017
1100,1638368049
1021,1638368529
1053,1638368563
72,1638368814
170,1638368878
59,1638369249
661,1638369407
662,1638370186
60,1638370385
1091,1638370794
1287,1638370972
45,1638371040
981,1638371998
74,1638372460
1087,1638373600
1277,1638373776
1382,1638373843
39,1638374377
36,1638375478
1096,1638375647
1150,1638376313
70,1638376660
169,1638376728
714,1638377214
171,1638377879
985,1638379794
1285,1638380095
1097,1638380399
1009,1638380453
139,1638380743
241,1638380807
340,1638380856
568,1638381172
1094,1638381707
1300,1638381896
1190,1638385001
1089,1638385485
1802,1638385552
730,1638386988
986,1638387412
1167,1638387596
1480,1638387950
1460,1638388483
1393,1638388961
1170,1638389148
1008,1638389325
1015,1638389514
60,1638390583
61,1638390639
60,1638390956
970,1638391199
303,1638391536
660,1638392209
660,1638392273
769,1638392378
1385,1638393478
1395,1638394126
1289,1638394199
660,1638395262
1307,1638395923
1160,1638396636
1087,1638396716
734,1638397614
44,1638397802
975,1638399908
779,1638401104
625,1638402069
719,1638402722
734,1638746566
725,1638748066
725,1638750398
734,1638750955
734,1638751373
734,1638751381
752,1638752258
734,1638753588
725,1638755462
734,1638757799
734,1638758045
734,1638758214
770,1638758377
725,1638759396
725,1638759517
734,1638760782
734,1638785582
734,1638786640
734,1638786767
734,1638786785
734,1638787324
752,1638788990
734,1638790058
725,1638790426
734,1638791639
734,1638791932
734,1638792057
734,1638792903
725,1638795405
734,1638795519
734,1638796266
725,1638796313
725,1638796437
725,1638796921
761,1638797501
779,1638797624
734,1638798129
734,1638798161
734,1638798284
734,1638798660
734,1638799385
734,1638804187
734,1638805809
759,1638806862
734,1638806986
734,1638809737
734,1638809860
795,1638810822
725,1638811123
734,1638811250
724,1638811301
725,1638813413
734,1638813538
761,1638817016
752,1638817177
725,1638818097
764,1638818756
734,1638821527
725,1638824277
734,1638825786
734,1638826855
734,1638826987
734,1638827262
734,1638828157
734,1638828398
734,1638829784
734,1638829862
734,1638830214
752,1638830459
725,1638830681
734,1638831065
734,1638831582
734,1638832015
734,1638832538
734,1638832804
734,1638833756
734,1638833879
770,1638834302
775,1638834696
763,1638834827
725,1638834952
724,1638838204
725,1638840305
734,1638841661
725,1638842041
734,1638844675
725,1638871494
725,1638871617
725,1638872097
734,1638872219
734,1638873097
772,1638876187
766,1638882053
734,1638883974
734,1638884566
734,1638884856
725,1638885007
734,1638886384
758,1638887636
758,1638887759
753,1638894522
725,1638896758
725,1638898357
734,1638899085
734,1638899814
734,1638899938
781,1638905924
734,1638906047
734,1638907303
759,1638907482
725,1638907663
725,1638909948
734,1638910078
725,1638910438
725,1638910790
734,1638915063
734,1638915159
734,1638916265
752,1638916656
725,1638916787
734,1638919504
734,1638921126
725,1638923380
734,1638923700
734,1638924040
773,1638924580
734,1638924707
734,1638929198
725,1638930246
734,1638931507
725,1638941917
734,1638943193
725,1638960650
734,1638961065
734,1638961301
734,1638962328
734,1638962453
734,1638963345
734,1638964677
734,1638964799
734,1638966819
734,1638966941
734,1638967598
734,1638967973
725,1638968026
734,1638968150
734,1638968815
734,1638969044
725,1638969169
734,1638969474
734,1638969947
734,1638970439
734,1638970670
734,1638974043
734,1638975245
752,1638977402
734,1638978604
725,1638982134
725,1638982256
734,1638982362
734,1638982484
773,1638982780
734,1638982913
764,1638984521
725,1638984773
734,1638984826
754,1638985605
759,1638985735
724,1638991664
734,1638991846
725,1638993340
725,1638996180
734,1639000988
734,1639004464
752,1639005843
725,1639015865
725,1639017302
734,1639047462
734,1639047595
725,1639054912
752,1639055137
734,1639055860
752,1639056576
725,1639056704
734,1639068958
734,1639076277
725,1639077222
734,1639077355
778,1639079749
734,1639079989
734,1639080171
734,1639084252
734,1639084375
734,1639084797
734,1639085271
734,1639086756
734,1639087005
734,1639087127
734,1639087598
734,1639088076
725,1639088328
734,1639088450
734,1639089592
752,1639089781
734,1639096448
725,1639097617
734,1639097796
734,1639099183
734,1639099616
734,1639103196
734,1639103318
725,1639111615
734,1639135488
734,1639135619
772,1639140248
734,1639140642
734,1639140764
734,1639141847
734,1639141971
734,1639142737
734,1639142859
734,1639142982
734,1639143104
725,1639145407
734,1639146609
725,1639149461
725,1639149583
752,1639151266
734,1639151390
734,1639155403
724,1639159065
725,1639164217
761,1639164342
765,1639166567
734,1639166757
734,1639169879
734,1639170243
725,1639170279
725,1639170580
734,1639171446
734,1639173528
734,1639179161
753,1639179463
734,1639179590
734,1639179835
734,1639179959
752,1639180123
734,1639223149
734,1639223275
734,1639225721
734,1639228434
734,1639237186
734,1639237310
734,1639237478
734,1639237601
761,1639239714
734,1639239839
734,1639242355
734,1639242477
724,1639244977
725,1639245107
752,1639247977
725,1639250213
734,1639252124
734,1639252198
734,1639254697
734,1639255079
734,1639255598
734,1639255679
725,1639255962
734,1639256259
734,1639256980
725,1639259080
734,1639259271
734,1639259563
725,1639259754
734,1639261378
734,1639261540
734,1639261731
734,1639261854
734,1639261976
725,1639264241
734,1639264363
734,1639266239
734,1639266536
734,1639266658
725,1639266888
725,1639269598
734,1639269888
734,1639270010
734,1639270436
765,1639270718
752,1639271586
734,1639274921
734,1639277207
725,1639285120
784,1639304108
734,1639304580
725,1639305058
734,1639306863
734,1639307526
734,1639309389
734,1639317006
734,1639335176
725,1639338537
725,1639339970
734,1639340445
725,1639341218
725,1639341341
734,1639343408
762,1639344245
725,1639344819
725,1639345004
760,1639348253
734,1639352390
734,1639352512
734,1639352987
734,1639355586
734,1639356842
725,1639361988
752,1639366069
753,1639372075
734,1639391405
734,1639392588
734,1639392712
770,1639394680
763,1639394802
734,1639395662
734,1639396924
764,1639397704
725,1639397934
734,1639399262
734,1639399961
769,1639400400
734,1639401603
734,1639401766
734,1639401891
725,1639409044
734,1639410306
734,1639413770
725,1639415981
725,1639416119
791,1639420131
725,1639420852
734,1639422940
725,1639427702
734,1639428758
734,1639428907
725,1639429251
725,1639429381
752,1639429956
734,1639430583
725,1639430933
734,1639431517
760,1639431643
734,1639432303
734,1639432721
734,1639432843
734,1639433383
725,1639433701
734,1639434479
725,1639436384
725,1639436506
734,1639439379
734,1639439502
734,1639439757
734,1639439879
734,1639443189
734,1639443236
725,1639443416
734,1639443576
725,1639443909
734,1639445402
752,1639447738
734,1639448997
734,1639476579
734,1639477320
752,1639478385
725,1639478496
725,1639478522
734,1639478618
734,1639480839
773,1639484138
725,1639484273
770,1639484624
734,1639484748
734,1639486546
725,1639486857
734,1639487077
734,1639487508
734,1639487527
734,1639487630
792,1639493047
734,1639495781
725,1639497895
734,1639500336
734,1639500459
725,1639506888
734,1639509759
734,1639511036
734,1639511157
734,1639512783
734,1639513503
734,1639514706
734,1639516264
764,1639517048
763,1639518157
734,1639518279
734,1639518300
795,1639518469
777,1639520384
734,1639523709
725,1639524705
772,1639524831
734,1639881476
725,1639908047
734,1639908169
725,1639908399
763,1639908521
734,1639908698
759,1639910458
795,1639911605
734,1639912861
725,1639913708
725,1639915909
734,1639917522
767,1639917819
725,1639918117
734,1639918237
734,1639918660
725,1639918783
734,1639919271
734,1639919399
734,1639919568
734,1639919690
725,1639922861
734,1639922984
725,1639943324
734,1639943447
734,1639945717
734,1639951308
725,1639951433
762,1639951789
734,1639951913
762,1639952509
734,1639952631
734,1639955096
734,1639955217
734,1639956307
725,1639956419
734,1639958104
734,1639964260
734,1639964811
761,1639967262
734,1639967385
769,1639969186
734,1639979203
734,1639996299
734,1639996738
734,1639998290
734,1639998412
724,1640001356
734,1640001479
780,1640002074
767,1640008389
734,1640008984
734,1640010241
725,1640011449
734,1640013849
734,1640015103
734,1640019882
725,1640024680
734,1640029377
734,1640030918
734,1640035262
734,1640036465
734,1640037888
734,1640038013
725,1640038243
734,1640038265
734,1640038967
734,1640040663
734,1640046410
734,1640053795
725,1640054589
734,1640056079
734,1640057815
725,1640057936
763,1640084278
734,1640084513
734,1640084639
725,1640085891
725,1640086016
734,1640089956
734,1640090030
734,1640090934
734,1640091051
734,1640098601
752,1640098726
734,1640101361
752,1640101612
725,1640101718
734,1640101973
725,1640102624
734,1640102809
734,1640103591
765,1640103768
725,1640104721
725,1640104858
752,1640106756
725,1640109882
724,1640109937
734,1640116837
725,1640118002
734,1640119261
734,1640119660
734,1640124297
734,1640124349
752,1640124848
725,1640124956
734,1640125258
734,1640125797
734,1640126100
734,1640126679
734,1640127458
734,1640128731
734,1640129404
734,1640130172
725,1640139530
734,1640140599
725,1640143187
752,1640144197
734,1640144324
752,1640168520
734,1640169726
734,1640173918
734,1640174385
734,1640174507
734,1640174802
734,1640174925
725,1640175178
725,1640175343
753,1640175647
759,1640175879
734,1640176001
725,1640176247
734,1640176425
734,1640177206
734,1640178098
734,1640178226
734,1640178294
734,1640178416
734,1640181607
734,1640182861
734,1640188320
734,1640188360
771,1640190539
734,1640190697
767,1640193465
795,1640194783
734,1640194969
725,1640198796
725,1640200679
725,1640202118
734,1640202938
734,1640203267
734,1640203358
725,1640203485
734,1640208901
734,1640211906
734,1640212418
734,1640213036
725,1640213464
725,1640214465
734,1640214788
734,1640214892
734,1640215596
734,1640215737
734,1640215898
734,1640216041
734,1640216529
734,1640217588
734,1640221012
734,1640221195
734,1640222859
734,1640224779
725,1640225981
725,1640226180
734,1640227001
725,1640228990
734,1640230127
753,1640253651
734,1640254662
734,1640256067
780,1640260363
780,1640261207
734,1640262109
734,1640262847
734,1640262998
734,1640263121
734,1640263482
734,1640263838
734,1640264049
725,1640264585
734,1640266324
734,1640266896
734,1640267027
734,1640267526
734,1640268786
752,1640269801
752,1640270136
734,1640270258
734,1640271006
734,1640275429
779,1640275662
769,1640275904
734,1640277408
777,1640277530
725,1640279156
752,1640279387
768,1640281610
725,1640282863
725,1640282992
798,1640283649
734,1640283816
725,1640286346
734,1640286473
783,1640286583
725,1640286707
734,1640288857
725,1640288980
760,1640290436
734,1640290442
752,1640290619
734,1640292849
725,1640292938
725,1640293067
734,1640293208
734,1640294626
725,1640295828
734,1640296387
734,1640297143
734,1640297265
734,1640298234
734,1640298848
734,1640299180
734,1640299305
734,1640299777
734,1640299907
734,1640301069
734,1640301412
734,1640301539
725,1640302495
734,1640302619
734,1640302925
734,1640303995
725,1640305619
734,1640305735
725,1640305909
734,1640306563
734,1640306644
734,1640306690
734,1640307909
725,1640308792
734,1640309338
725,1640310667
734,1640311444
725,1640313582
725,1640313907
734,1640341965
734,1640342802
725,1640343414
734,1640343642
734,1640344440
734,1640345648
752,1640346586
734,1640346762
734,1640346886
734,1640347065
734,1640347189
734,1640348078
734,1640348105
734,1640348796
734,1640349114
734,1640349237
734,1640349538
734,1640350384
734,1640352061
734,1640353505
734,1640355302
763,1640359265
734,1640359728
734,1640360524
725,1640360797
725,1640362005
734,1640362131
725,1640362255
752,1640363382
752,1640363505
762,1640365663
725,1640365899
725,1640366205
725,1640370414
734,1640371001
734,1640378440
734,1640378690
725,1640379157
734,1640379470
725,1640380384
734,1640381266
734,1640381496
734,1640382306
734,1640382349
734,1640382536
734,1640382702
734,1640383448
734,1640383619
734,1640383842
734,1640386265
734,1640386856
725,1640387274
734,1640387997
725,1640388119
734,1640389056
734,1640389178
725,1640390024
734,1640390147
725,1640393982
734,1640394407
725,1640394600
734,1640395061
725,1640395136
734,1640396267
725,1640397406
734,1640397529
734,1640398506
734,1640399380
734,1640405326
734,1640408380
725,1640426989
752,1640428269
734,1640428419
734,1640428541
771,1640428974
725,1640429044
734,1640429329
734,1640432456
725,1640432582
734,1640433909
734,1640434011
734,1640434136
734,1640434675
725,1640434864
725,1640435205
734,1640435376
734,1640436066
734,1640437989
752,1640439058
734,1640439783
734,1640440067
734,1640448040
734,1640448163
725,1640448336
734,1640448771
758,1640448894
725,1640449416
734,1640449542
734,1640452010
734,1640452132
752,1640453203
725,1640453328
725,1640456092
734,1640459080
734,1640459213
725,1640459515
734,1640459860
734,1640459998
734,1640462155
734,1640462277
734,1640463004
725,1640463401
734,1640463526
734,1640464209
734,1640464799
734,1640465200
734,1640465685
725,1640466341
734,1640467846
725,1640467976
725,1640470602
734,1640471445
734,1640471567
734,1640473311
725,1640473789
734,1640473919
734,1640475597
734,1640476430
734,1640476552
734,1640476722
734,1640478398
734,1640478524
725,1640478763
725,1640478889
734,1640479138
734,1640479317
734,1640481463
734,1640482387
752,1640484462
734,1640484584
734,1640488121
768,1640488179
734,1640492799
734,1640515612
734,1640519149
734,1640519338
734,1640519641
734,1640519919
752,1640520345
734,1640520466
734,1640521541
734,1640521664
734,1640523783
734,1640524977
734,1640525099
734,1640534575
795,1640540028
725,1640542550
734,1640548674
734,1640549586
734,1640550347
725,1640550599
734,1640550845
734,1640553227
734,1640554838
734,1640554963
734,1640555150
734,1640555381
734,1640556057
734,1640558142
734,1640558264
734,1640558736
734,1640558858
734,1640559097
725,1640559223
734,1640560733
734,1640565304
769,1640566306
734,1640566431
734,1640574470
725,1640574593
734,1640576273
734,1640578619
734,1640582804
734,1640583475
725,1640584190
734,1640606742
725,1640606921
734,1640607100
734,1640607354
734,1640607476
734,1640611176
764,1640618389
734,1640618515
725,1640619047
725,1640619953
734,1640620012
734,1640620134
734,1640621814
752,1640621937
725,1640622697
725,1640623073
725,1640631955
725,1640632494
725,1640633332
725,1640633456
791,1640637711
725,1640639698
752,1640641067
734,1640641611
759,1640641965
725,1640646996
752,1640647495
734,1640649520
759,1640651377
734,1640654384
734,1640654991
734,1640656137
752,1640656778
734,1640657927
734,1640668057
725,1640668179
734,1640668776
734,1640669861
734,1640669989
734,1640686962
769,1640687085
769,1640692385
734,1640693646
725,1640693869
734,1640693992
725,1640694217
725,1640696812
734,1640696936
774,1640697306
734,1640698907
734,1640699139
734,1640702049
734,1640703301
725,1640703899
725,1640704780
725,1640705107
725,1640724243
763,1640731125
734,1640731307
725,1640732574
770,1640735688
734,1640737983
761,1640738514
734,1640738639
725,1640738810
734,1640738933
734,1640739309
734,1640740676
725,1640742906
734,1640753921
734,1640775904
734,1640777468
734,1640778902
734,1640779327
734,1640780582
725,1640782265
734,1640784842
753,1640784904
734,1640786106
725,1640786529
753,1640787846
734,1640789558
725,1640789862
765,1640790354
734,1640792620
734,1640793888
734,1640794010
734,1640802582
734,1640802706
725,1640803416
781,1640807628
725,1640807811
725,1640809967
734,1640810089
734,1640810982
734,1640811104
734,1640811579
734,1640812899
734,1640813206
734,1640813334
734,1640813453
779,1640813526
734,1640813577
725,1640814466
734,1640814650
734,1640814775
734,1640814785
734,1640819339
734,1640825154
734,1640825528
725,1640831400
725,1640843279
734,1640861583
725,1640862305
734,1640863509
734,1640864753
734,1640864874
725,1640865114
734,1640865342
734,1640866360
725,1640875719
734,1640879819
734,1640885451
725,1640885579
734,1640885800
734,1640885925
752,1640889517
734,1640889839
734,1640889877
734,1640890956
734,1640891397
734,1640891739
734,1640894397
725,1640895343
734,1640897680
734,1640897810
725,1640898525
734,1640898647
725,1640899183
734,1640899374
734,1640900325
734,1640900447
725,1640907657
734,1640908129
725,1640910782
725,1640912047
734,1640913534
767,1640914670
734,1640914799
734,1640923197
734,1640944854
734,1640947247
734,1640947371
734,1640948977
734,1640950924
734,1640951502
734,1640951556
734,1640951679
734,1640951939
734,1640952307
753,1640952457
734,1640952597
734,1640953197
734,1640953319
734,1640953854
725,1640954031
762,1640954049
725,1640954156
725,1640959838
734,1640959973
764,1640960980
53,1640961337
60,1640961646
724,1640961997
762,1640963580
752,1640964788
725,1640992783
734,1640994295
734,1640994891
725,1640995015
760,1640995178
734,1640999205
734,1640999867
725,1641000905
734,1641001596
734,1641002329
725,1641004508
734,1641004798
767,1641005807
734,1641014203
734,1641014325
734,1641014918
734,1641031862
758,1641033309
725,1641035623
734,1641035755
734,1641037987
734,1641038438
734,1641038583
734,1641039588
734,1641039710
734,1641040203
734,1641042475
734,1641042597
725,1641044044
734,1641048129
734,1641048898
734,1641050140
734,1641051249
734,1641051606
734,1641051641
772,1641057336
725,1641057468
780,1641062076
734,1641062203
725,1641062568
734,1641062691
759,1641062818
734,1641063837
725,1641065992
760,1641067501
752,1641068143
734,1641068580
771,1641069784
734,1641070010
725,1641070603
734,1641070728
734,1641071703
762,1641072576
792,1641075358
734,1641075840
734,1641077046
725,1641077505
734,1641077629
734,1641084007
725,1641088193
734,1641121262
734,1641123660
734,1641124199
725,1641125078
725,1641125200
725,1641130263
725,1641131589
734,1641133265
725,1641134467
734,1641145779
734,1641146860
725,1641147217
734,1641147339
734,1641147831
734,1641147954
734,1641148076
734,1641148199
725,1641154386
725,1641155589
734,1641169923
734,1641170028
734,1641170153
734,1641170508
734,1641179258
734,1641187018
776,1641188261
734,1641188385
764,1641210656
752,1641211204
734,1641212406
734,1641214247
734,1641214368
760,1641219958
734,1641222358
725,1641224699
782,1641227085
734,1641227210
725,1641227328
734,1641233025
725,1641234412
725,1641236025
734,1641236148
725,1641243525
734,1641243653
725,1641252114
734,1641252239
769,1641252938
725,1641253065
734,1641257256
734,1641257935
734,1641259671
725,1641272210
734,1641274191
734,1641290707
734,1641290736
734,1641290859
734,1641291757
734,1641291881
762,1641294174
734,1641294296
734,1641294649
758,1641294773
734,1641295248
734,1641295370
734,1641295964
734,1641296395
734,1641296935
734,1641297171
734,1641297293
782,1641300843
752,1641301202
734,1641302409
734,1641319778
734,1641319903
734,1641320263
734,1641321174
753,1641321341
734,1641321463
725,1641321896
734,1641322182
725,1641322366
734,1641322496
725,1641323267
734,1641328363
725,1641328487
725,1641329859
803,1641334437
725,1641343059
725,1641343185
734,1641343241
734,1641360529
725,1641361735
734,1641378061
734,1641378229
725,1641381121
734,1641382010
734,1641382387
734,1641382845
734,1641382970
725,1641383644
724,1641384247
724,1641384605
734,1641386078
734,1641388356
734,1641388481
725,1641393037
734,1641393164
734,1641395923
725,1641396048
725,1641396529
725,1641401022
725,1641404157
734,1641406238
725,1641406491
734,1641406787
734,1641407339
725,1641410028
734,1641410151
734,1641410317
777,1641411518
759,1641413742
734,1641413866
734,1641414584
734,1641416518
734,1641416741
734,1641416864
725,1641417050
734,1641417173
734,1641418180
725,1641422699
734,1641425036
779,1641429404
734,1641429536
725,1641429884
758,1641430065
734,1641431333
734,1641431395
734,1641447474
734,1641466130
725,1641466252
734,1641466901
725,1641467214
734,1641467707
734,1641468636
734,1641469661
734,1641469800
752,1641471415
725,1641472320
734,1641473642
725,1641477347
734,1641477473
734,1641479861
734,1641479985
734,1641480642
734,1641480764
760,1641484678
770,1641484837
771,1641487018
734,1641487197
734,1641488503
766,1641488757
734,1641499553
725,1641500799
777,1641502492
725,1641505664
725,1641505789
753,1641510062
725,1641511262
725,1641511921
725,1641512807
725,1641515583
725,1641515683
761,1641515984
734,1641517132
734,1641518268
725,1641518391
734,1641549906
752,1641551045
734,1641552247
734,1641554588
734,1641555049
734,1641556180
725,1641556262
734,1641561526
725,1641561885
753,1641562433
768,1641562671
413,1641562790
817,1641563037
1115,1641563216
1230,1641563268
1225,1641563505
1041,1641563689
10,1641563938
108,1641564040
774,1641564762
1001,1641565847
1249,1641566090
1358,1641566138
1422,1641566208
1200,1641566391
982,1641566746
988,1641566857
1393,1641567284
1193,1641567589
1190,1641567641
1019,1641567772
571,1641568288
571,1641568292
447,1641568307
447,1641568312
570,1641568329
569,1641568360
719,1641568425
719,1641568426
719,1641568435
719,1641568440
719,1641568442
722,1641568460
738,1641568465
757,1641568470
771,1641568474
788,1641568485
794,1641568487
809,1641568493
859,1641568512
874,1641568518
894,1641568523
945,1641568545
964,1641568552
971,1641568559
979,1641568583
981,1641568586
1804,1641568597
1011,1641568605
1052,1641568624
1089,1641568644
1121,1641568670
1127,1641568672
1136,1641568678
1140,1641568685
1140,1641568707
1153,1641568717
1163,1641568724
1171,1641568729
1188,1641568734
1258,1641568785
1270,1641568790
1278,1641568793
1299,1641568799
1351,1641568812
1382,1641568822
1389,1641568826
1392,1641568845
1392,1641568858
1392,1641568877
1447,1641568962
1446,1641568970
1412,1641568992
1393,1641569000
1385,1641569003
1372,1641569007
1301,1641569025
1249,1641569040
1231,1641569053
1142,1641569207
1089,1641569397
1168,1641569447
1290,1641569625
1388,1641569754
1481,1641569918
1510,1641570230
1501,1641570357
734,1641570662
1495,1641571438
1396,1641571555
1291,1641571609
48,1641572032
147,1641572077
915,1641572559
1027,1641572693
1326,1641572873
1047,1641573229
960,1641573292
90,1641573355
951,1641573883
1131,1641574013
1358,1641574975
180,1641575328
1087,1641576111
1398,1641576402
1295,1641576529
1182,1641576583
43,1641576894
917,1641577492
1214,1641577732
1324,1641577785
1447,1641577850
1353,1641577903
1049,1641578087
87,1641578272
693,1641578658
726,1641578672
749,1641578680
756,1641578682
772,1641578687
789,1641578699
819,1641578710
828,1641578713
843,1641578718
860,1641578724
878,1641578730
886,1641578733
895,1641578736
941,1641578760
947,1641578785
954,1641578789
961,1641578792
971,1641578800
980,1641578809
980,1641578814
990,1641578830
994,1641578833
1005,1641578838
1025,1641578845
1029,1641578850
1041,1641578853
1053,1641578870
1099,1641578889
1104,1641578894
1111,1641578899
1122,1641578905
1132,1641578909
1145,1641578923
1157,1641578928
1170,1641578935
1179,1641578939
1369,1641579038
1193,1641582312
1218,1641582348
1248,1641582362
1257,1641582370
1322,1641582395
1322,1641582396
1365,1641582410
1370,1641582412
1380,1641582416
1391,1641582438
1444,1641582447
1447,1641582452
1447,1641582459
1409,1641582487
1400,1641582493
1387,1641582500
1379,1641582504
1370,1641582507
1353,1641582513
1337,1641582520
1331,1641582525
1302,1641582536
1286,1641582543
1266,1641582553
1258,1641582560
1240,1641582569
1206,1641582603
1193,1641582612
1178,1641582624
1176,1641582630
1175,1641582633
1170,1641582640
1164,1641582644
1158,1641582650
1155,1641582655
1145,1641582685
1145,1641582686
1145,1641582691
1144,1641582715
1109,1641582750
1101,1641582754
1097,1641582758
1086,1641582770
1032,1641582790
1027,1641582795
1022,1641582798
1004,1641582804
991,1641582809
1799,1641582812
238,1641582831
670,1641583133
779,1641583251
1270,1641583732
1156,1641583855
161,1641584144
264,1641584198
914,1641584575
1028,1641584693
1105,1641584745
1217,1641584860
1352,1641584987
82,1641585292
181,1641585357
286,1641585405
60,1641586002
61,1641586185
752,1641586445
1004,1641586976
1004,1641587086
1006,1641588337
1297,1641588539
1275,1641588647
1161,1641588711
1087,1641588769
60,1641588959
690,1641589358
734,1641589448
989,1641589678
1391,1641589916
1174,1641590150
1062,1641590208
780,1641590385
725,1641590709
725,1641590747
759,1641591115
734,1641592499
734,1641592837
734,1641595131
734,1641595254
734,1641597397
734,1641597523
734,1641597650
734,1641597778
752,1641598013
734,1641598136
734,1641598247
725,1641598536
734,1641598780
734,1641602077
725,1641602571
752,1641603295
734,1641604178
752,1641604728
734,1641609129
734,1641636300
734,1641637206
734,1641638460
725,1641639665
734,1641640867
780,1641641576
734,1641643507
734,1641647868
734,1641647993
734,1641650866
725,1641650989
734,1641652661
571,1641653139
571,1641653142
725,1641654353
734,1641655062
734,1641655659
725,1641655838
725,1641657101
725,1641658911
734,1641659021
725,1641660585
725,1641660831
778,1641665384
734,1641667014
774,1641669041
734,1641681008
765,1641681047
734,1641681174
734,1641682264
734,1641684404
734,1641684898
734,1641685018
734,1641685319
734,1641685489
734,1641685611
734,1641688362
725,1641694061
762,1641701856
734,1641701988
734,1641704324
734,1641727305
734,1641727912
734,1641728034
734,1641728452
734,1641728574
780,1641729602
734,1641730806
734,1641733867
764,1641735121
759,1641737585
752,1641739180
734,1641739916
734,1641743107
725,1641744099
725,1641744650
734,1641744773
734,1641751296
734,1641751778
734,1641751901
752,1641752084
734,1641752206
725,1641760180
734,1641761588
734,1641763782
734,1641764029
734,1641764048
771,1641765469
734,1641766116
734,1641774521
734,1641774643
734,1641774822
734,1641774944
752,1641775306
725,1641790728
725,1641791815
795,1641813113
734,1641813235
734,1641814611
783,1641821643
725,1641821923
752,1641822050
734,1641822845
734,1641823320
734,1641825121
734,1641825888
734,1641826325
734,1641826543
734,1641826670
734,1641835365
725,1641839089
770,1641843586
734,1641843718
734,1641845704
725,1641847200
753,1641847603
725,1641847729
752,1641851440
734,1641865678
734,1641867663
734,1641868867
734,1641869816
734,1641876460
725,1641876599
725,1641898603
734,1641898839
734,1641899556
734,1641904489
764,1641905210
591,1641905620
980,1641906047
1087,1641906227
1386,1641906410
1293,1641906531
1179,1641906651
570,1641907433
892,1641907898
1014,1641907971
1015,1641908089
1104,1641908274
1288,1641909039
1094,1641909347
1002,1641909398
1154,1641910739
61,1641911033
160,1641911082
229,1641911141
248,1641911148
282,1641911162
318,1641911175
329,1641911179
343,1641911183
362,1641911188
412,1641911202
458,1641911217
463,1641911230
465,1641911247
473,1641911251
486,1641911256
496,1641911265
496,1641911270
496,1641911275
496,1641911280
496,1641911284
511,1641911295
559,1641911326
570,1641911340
570,1641911345
570,1641911350
570,1641911355
571,1641911359
573,1641911369
605,1641911385
656,1641911424
660,1641911427
737,1641911633
756,1641911640
771,1641911645
773,1641911646
777,1641911652
787,1641911659
793,1641911662
813,1641911670
825,1641911675
844,1641911683
849,1641911695
850,1641911700
850,1641911701
853,1641911710
855,1641911715
855,1641911716
867,1641911745
868,1641911747
870,1641911753
877,1641911785
877,1641911787
877,1641911799
888,1641911828
891,1641911834
891,1641911838
890,1641911887
891,1641911939
903,1641912000
903,1641912001
1347,1641912292
1123,1641912520
1024,1641912712
734,1641912906
320,1641914136
560,1641914265
1024,1641914682
1007,1641914803
1095,1641914871
56,1641915578
262,1641915698
1112,1641916485
1334,1641916616
1024,1641917156
1000,1641917258
1050,1641917385
1132,1641917448
1318,1641917739
1208,1641917804
983,1641918290
1024,1641919194
1015,1641919484
956,1641919601
1374,1641921998
1086,1641922254
1273,1641922615
1300,1641922854
1099,1641923027
1018,1641923087
671,1641923599
675,1641923601
691,1641923606
704,1641923611
723,1641923619
721,1641923640
720,1641923665
720,1641923668
733,1641923688
747,1641923693
756,1641923696
790,1641923715
797,1641923718
814,1641923725
829,1641923731
849,1641923740
859,1641923745
878,1641923755
900,1641923766
940,1641923785
948,1641923790
948,1641923791
967,1641923815
971,1641923820
978,1641923827
982,1641923841
981,1641923847
979,1641923859
979,1641923861
979,1641923870
979,1641923875
15,1641923879
17,1641923885
19,1641923890
20,1641923895
21,1641923897
22,1641923902
29,1641923924
30,1641923929
30,1641923938
32,1641923954
39,1641923989
39,1641923992
40,1641924023
1024,1641924039
1024,1641924053
1024,1641924072
1024,1641924076
1024,1641924105
1024,1641924205
1158,1641924353
1024,1641924383
1013,1641924654
1024,1641924699
1024,1641924825
1024,1641924830
1024,1641924831
1024,1641924849
1024,1641924890
1024,1641924915
1024,1641924919
1024,1641924933
315,1641924937
433,1641925012
993,1641925490
1194,1641925634
1226,1641925653
1274,1641925680
1284,1641925685
1295,1641925690
1305,1641925694
1332,1641925714
1333,1641925730
1334,1641925735
1333,1641925750
1332,1641925770
1329,1641925783
1345,1641925873
1354,1641925913
1355,1641925962
1355,1641925971
1359,1641925990
1359,1641925998
1361,1641926070
1362,1641926074
1362,1641926125
1361,1641926130
1361,1641926132
1122,1641926158
1362,1641926175
1361,1641926225
1361,1641926227
1361,1641926290
1361,1641926294
1361,1641926297
1361,1641926304
1361,1641926410
1361,1641926411
1193,1641926479
1337,1641926500
1360,1641926575
1359,1641926576
1360,1641926599
1360,1641926602
1358,1641926609
1359,1641926615
1361,1641926630
1361,1641926633
1362,1641926759
5,1641926932
194,1641927056
736,1641927536
972,1641927700
1082,1641927839
1369,1641928070
1024,1641928431
36,1641928670
983,1641928739
983,1641929635
60,1641929978
60,1641930098
1404,1641930636
1187,1641930761
34,1641931057
132,1641931129
328,1641931243
1384,1641932264
1166,1641932397
107,1641932987
876,1641933661
923,1641933705
935,1641933710
942,1641933713
954,1641933720
961,1641933723
970,1641933728
972,1641933731
975,1641933736
980,1641933764
725,1641934124
753,1641934311
753,1641934364
734,1641934596
664,1641934710
665,1641934711
1671,1641937362
1661,1641937557
1756,1641937973
961,1641938037
703,1641938799
1337,1641939351
1115,1641939471
106,1641939655
200,1641939700
301,1641939761
1420,1641940607
1315,1641940659
222,1641941076
434,1641941153
652,1641941321
759,1641941449
176,1641941756
280,1641941812
1085,1641942424
1091,1641942432
1121,1641942448
1157,1641942464
1177,1641942473
1194,1641942484
1333,1641942588
1347,1641942715
1240,1641942762
184,1641943136
142,1641943721
244,1641943786
1025,1641944389
1201,1641944511
1314,1641944575
1255,1641944755
1137,1641944807
1091,1641944992
1174,1641945043
1292,1641945109
1392,1641945172
1388,1641945233
1285,1641945286
1165,1641945352
1090,1641945399
1149,1641947452
1149,1641948646
685,1641948661
982,1641948825
982,1641948826
1799,1641948848
962,1641948852
957,1641948873
8,1641948881
30,1641948892
71,1641948908
84,1641948913
101,1641948928
131,1641948945
132,1641948948
140,1641948953
155,1641948960
161,1641948962
192,1641948975
202,1641948979
282,1641949018
293,1641949022
307,1641949028
326,1641949035
335,1641949038
345,1641949041
384,1641949051
428,1641949070
447,1641949075
455,1641949078
462,1641949082
473,1641949090
475,1641949091
491,1641949096
566,1641949180
570,1641949184
569,1641949190
569,1641949199
569,1641949210
1211,1641949265
1330,1641949788
1322,1641949802
1448,1641950524
734,1641950802
1357,1641951065
1247,1641951600
1130,1641952382
185,1641952803
400,1641953524
518,1641954128
719,1641955386
704,1641982446
823,1641983100
941,1641983702
1049,1641984720
1218,1641985388
1109,1641985923
1030,1641986402
114,1641987309
208,1641987841
309,1641988385
734,1641988726
752,1641988780
765,1641988857
1177,1641989139
1176,1641989456
727,1641989583
1397,1641989998
768,1641990061
1391,1641990652
1286,1641990770
752,1641990784
1173,1641990959
1092,1641991019
998,1641991075
77,1641991604
734,1641992104
1278,1641992803
1382,1641992864
1287,1641993115
1091,1641993357
986,1641993648
69,1641993768
1021,1641994843
1194,1641995020
1386,1641995268
1283,1641995337
1171,1641995454
1091,1641995516
61,1641995798
62,1641995916
39,1641996055
956,1641997663
97,1641997736
191,1641997796
661,1641998165
661,1641998170
661,1641998171
662,1641998190
662,1641998195
661,1641998199
661,1641998205
664,1641998209
670,1641998215
674,1641998220
676,1641998225
624,1641998230
627,1641998234
631,1641998239
634,1641998243
638,1641998250
639,1641998253
710,1641998253
729,1641998265
764,1641998282
773,1641998288
784,1641998299
805,1641998309
649,1641998315
647,1641998320
643,1641998325
641,1641998330
644,1641998333
646,1641998337
646,1641998350
646,1641998351
644,1641998359
855,1641998363
784,1641998366
824,1641998375
825,1641998380
825,1641998381
833,1641998389
836,1641998394
836,1641998420
661,1641998420
662,1641998445
661,1641998450
661,1641998451
662,1641998490
662,1641998493
663,1641998509
663,1641998514
675,1641998531
714,1641998555
716,1641998556
729,1641998564
746,1641998570
756,1641998574
770,1641998580
773,1641998583
783,1641998594
794,1641998599
806,1641998605
815,1641998609
828,1641998615
845,1641998624
850,1641998635
850,1641998640
850,1641998644
860,1641998656
876,1641998665
882,1641998670
886,1641998672
895,1641998676
906,1641998695
907,1641998704
940,1641998730
945,1641998734
945,1641998739
947,1641998750
947,1641998751
955,1641998765
971,1641998779
981,1641998788
982,1641998800
980,1641998819
980,1641998825
979,1641998830
979,1641998838
16,1641998858
17,1641998889
979,1641998916
1028,1641998990
1231,1641999527
158,1642000129
263,1642000186
1044,1642000897
1117,1642000961
1480,1642001324
1481,1642001394
1464,1642001753
719,1642002838
39,1642003176
1015,1642005761
1015,1642006013
1192,1642006191
1305,1642006319
1288,1642006604
1174,1642006722
662,1642007885
662,1642007886
677,1642007925
679,1642007930
678,1642007934
678,1642007945
680,1642007949
690,1642007955
695,1642007958
704,1642007965
708,1642007968
735,1642007994
759,1642008005
766,1642008009
777,1642008020
781,1642008025
794,1642008032
806,1642008038
816,1642008043
849,1642008065
849,1642008070
870,1642008080
873,1642008082
875,1642008086
889,1642008094
909,1642008105
909,1642008113
1006,1642008180
1007,1642008183
1011,1642008190
1015,1642008196
1015,1642008203
1022,1642008208
1024,1642008214
1024,1642008219
1024,1642008224
352,1642008826
820,1642009245
1089,1642009976
1170,1642010077
1097,1642010562
1010,1642010617
983,1642012017
983,1642012302
298,1642012726
574,1642013305
574,1642013308
576,1642013330
578,1642013335
580,1642013340
581,1642013345
582,1642013346
582,1642013355
582,1642013360
582,1642013365
585,1642013370
590,1642013375
641,1642013419
655,1642013425
660,1642013427
697,1642013440
703,1642013442
711,1642013446
726,1642013473
740,1642013479
749,1642013484
757,1642013495
765,1642013519
771,1642013525
773,1642013527
792,1642013540
805,1642013545
816,1642013550
842,1642013560
851,1642013564
879,1642013579
889,1642013585
905,1642013600
922,1642013615
928,1642013620
929,1642013629
941,1642013645
944,1642013647
964,1642013657
973,1642013665
983,1642013675
984,1642013691
980,1642013717
980,1642013722
979,1642013731
979,1642013740
979,1642013745
21,1642013778
29,1642013805
31,1642013808
33,1642013815
36,1642013835
44,1642013861
49,1642013925
49,1642013926
41,1642013959
40,1642013974
40,1642013977
39,1642013985
44,1642014013
46,1642014025
53,1642014058
57,1642014111
58,1642014175
58,1642014180
58,1642014185
58,1642014190
58,1642014217
58,1642014225
58,1642014229
58,1642014234
57,1642014239
56,1642014248
56,1642014255
53,1642014257
46,1642014424
45,1642014429
44,1642014433
45,1642014443
44,1642014458
117,1642015199
212,1642015256
313,1642015313
651,1642015597
980,1642015654
980,1642015659
980,1642015670
978,1642015718
979,1642015727
979,1642015736
1005,1642015904
1015,1642016204
12,1642016383
652,1642016857
759,1642016989
1015,1642017353
1026,1642017474
1103,1642017538
1318,1642017696
1449,1642017765
1138,1642018009
951,1642018073
808,1642018120
725,1642018425
752,1642018604
753,1642018730
752,1642019519
767,1642020104
950,1642020282
1756,1642020358
1710,1642020407
1603,1642020519
1482,1642020586
1481,1642020696
1482,1642020945
1463,1642020997
1127,1642021184
76,1642021596
1051,1642022256
1251,1642022395
1336,1642022503
1040,1642022818
1375,1642023169
832,1642024129
1088,1642024720
1481,1642024958
1482,1642025082
1483,1642026298
1051,1642026586
616,1642027239
711,1642027314
66,1642027782
166,1642027838
1160,1642029046
1275,1642029100
1179,1642029769
1095,1642029829
1008,1642029880
139,1642030138
239,1642030192
669,1642030490
779,1642030596
984,1642030836
986,1642030963
70,1642031021
170,1642031087
269,1642031154
1156,1642031815
1156,1642034323
977,1642034500
980,1642034628
983,1642034687
1087,1642034751
72,1642035999
172,1642036070
1383,1642037335
1251,1642041539
1133,1642041598
611,1642042184
61,1642042795
1312,1642043811
1198,1642043857
1100,1642043932
987,1642045118
864,1642045195
940,1642045609
1047,1642045738
1126,1642045781
1122,1642047404
889,1642047597
1182,1642068060
734,1642068519
734,1642068642
1097,1642068723
1010,1642069209
734,1642069899
982,1642070586
986,1642071128
734,1642071178
502,1642071729
734,1642072059
734,1642072912
610,1642072984
725,1642073038
725,1642073204
734,1642073331
734,1642074160
725,1642074589
734,1642074714
706,1642074728
734,1642075008
752,1642075430
895,1642075551
1068,1642075611
1177,1642075678
1178,1642075956
277,1642077839
986,1642077844
715,1642078238
1087,1642078500
1050,1642078601
1133,1642078668
1357,1642078839
1398,1642079101
1327,1642079159
1215,1642079262
1295,1642079528
1004,1642079750
1178,1642080609
1003,1642081509
62,1642081788
61,1642081959
50,1642082203
36,1642082325
983,1642082440
1159,1642082522
1273,1642083123
39,1642083594
1379,1642083602
983,1642083818
97,1642084120
190,1642084176
1318,1642084324
741,1642084673
1104,1642085106
1026,1642085640
579,1642085779
583,1642085782
616,1642085810
616,1642085811
647,1642085843
737,1642085987
1803,1642086167
1447,1642086246
1007,1642086655
1096,1642086769
1168,1642087376
1483,1642087984
661,1642088105
660,1642088110
660,1642088111
665,1642088117
675,1642088125
683,1642088130
691,1642088135
697,1642088138
707,1642088144
719,1642088167
756,1642088225
770,1642088230
772,1642088231
788,1642088245
793,1642088247
815,1642088257
824,1642088262
844,1642088274
848,1642088280
1024,1642088633
1024,1642088676
1015,1642088933
1307,1642089174
1409,1642089235
1483,1642089298
1482,1642089401
1482,1642089459
1482,1642091136
1481,1642091938
1198,1642092819
1309,1642092898
1396,1642093176
1177,1642093488
1022,1642093793
113,1642094081
213,1642094155
434,1642094273
1011,1642095041
981,1642095145
980,1642095148
984,1642095168
990,1642095182
1804,1642095187
970,1642095194
961,1642095200
960,1642095234
957,1642095237
12,1642095249
29,1642095262
69,1642095285
73,1642095287
89,1642095295
93,1642095296
109,1642095304
130,1642095317
132,1642095321
140,1642095327
155,1642095335
163,1642095339
235,1642095388
319,1642095430
330,1642095435
344,1642095440
347,1642095441
384,1642095454
450,1642095480
456,1642095483
463,1642095489
468,1642095494
475,1642095498
488,1642095504
496,1642095508
500,1642095514
510,1642095520
516,1642095525
521,1642095530
524,1642095535
524,1642095540
524,1642095545
523,1642095550
523,1642095555
523,1642095560
524,1642095562
559,1642095588
570,1642095615
570,1642095616
572,1642095625
572,1642095626
574,1642095685
574,1642095690
678,1642095823
565,1642095860
562,1642095874
561,1642095879
561,1642095898
561,1642095919
561,1642095922
909,1642096000
560,1642096125
560,1642096145
560,1642096150
560,1642096151
560,1642096160
560,1642096165
560,1642096170
560,1642096172
36,1642096419
560,1642096465
560,1642096469
560,1642096875
560,1642096880
560,1642096885
560,1642096887
559,1642096895
559,1642096897
560,1642096919
560,1642096925
560,1642096968
574,1642097095
574,1642097102
574,1642097114
574,1642097116
574,1642097127
575,1642097132
575,1642097137
574,1642097153
574,1642097158
574,1642097170
574,1642097174
576,1642097179
573,1642097184
983,1642097620
956,1642098476
95,1642098533
188,1642098591
290,1642098650
727,1642099137
1024,1642099498
1292,1642099971
1385,1642100151
1009,1642100501
1015,1642100802
15,1642100985
114,1642101055
210,1642101117
311,1642101177
749,1642101648
1024,1642101950
1244,1642102242
1352,1642102306
1285,1642102604
1024,1642103092
991,1642103383
1170,1642103559
1009,1642104218
956,1642104948
724,1642105257
752,1642105417
734,1642106632
752,1642106805
753,1642107041
731,1642107158
1756,1642107355
1707,1642107414
1463,1642107826
1359,1642107883
1133,1642108007
982,1642108237
1163,1642108423
1282,1642108483
1052,1642109021
167,1642109692
272,1642109741
943,1642110166
1049,1642110293
1125,1642110337
1240,1642110404
1348,1642110456
1239,1642110579
1047,1642110717
778,1642111017
1078,1642111356
1432,1642111484
1481,1642112517
1052,1642112817
660,1642113448
672,1642113485
672,1642113490
673,1642113495
674,1642113496
688,1642113505
695,1642113508
701,1642113511
719,1642113540
722,1642113564
723,1642113569
723,1642113581
746,1642113590
756,1642113595
761,1642113598
765,1642113601
770,1642113607
774,1642113615
776,1642113618
783,1642113625
795,1642113630
803,1642113633
817,1642113638
855,1642113653
874,1642113660
878,1642113662
888,1642113667
903,1642113673
946,1642113719
967,1642113730
971,1642113735
980,1642113743
981,1642113750
981,1642113755
981,1642113758
981,1642113770
980,1642113785
980,1642113787
980,1642113792
980,1642113800
981,1642113805
981,1642113810
981,1642113815
981,1642113816
991,1642113829
996,1642113832
1007,1642113838
1024,1642113845
1029,1642113850
1041,1642113855
1046,1642113859
1053,1642113869
1053,1642113874
1086,1642113880
1087,1642113883
1092,1642113887
1098,1642113893
1106,1642113900
1116,1642113905
1141,1642113918
1154,1642113923
1168,1642113930
1176,1642113933
1194,1642113954
1201,1642113959
1250,1642113980
1254,1642113985
1253,1642113990
1253,1642113992
1255,1642113997
1257,1642114016
1255,1642114064
1255,1642114082
1255,1642114102
1255,1642114133
1255,1642114147
1255,1642114175
1255,1642114177
1255,1642114183
1255,1642114192
1257,1642114213
1257,1642114313
1257,1642114318
1257,1642114334
96,1642114596
192,1642114665
960,1642115159
489,1642115741
926,1642116104
1334,1642116528
1361,1642116576
709,1642117304
829,1642117360
1086,1642120850
975,1642120909
984,1642121037
1087,1642121443
1161,1642121500
1124,1642122520
1241,1642122585
1483,1642124981
1050,1642127869
953,1642128590
825,1642130994
709,1642132003
986,1642133815
779,1642133929
1286,1642154521
734,1642154857
1389,1642155003
734,1642155108
734,1642155230
725,1642155358
734,1642155408
1306,1642155660
725,1642156177
725,1642156256
725,1642156438
1097,1642156502
725,1642156968
1011,1642156987
734,1642157092
734,1642157578
725,1642157751
1353,1642158129
725,1642158518
1342,1642158729
734,1642158756
725,1642158879
734,1642159177
1258,1642159509
166,1642160584
178,1642161188
734,1642161471
182,1642161662
910,1642161897
1178,1642162302
1026,1642162427
300,1642162808
1087,1642162907
1383,1642163139
1203,1642163321
986,1642164110
711,1642164708
1024,1642165553
979,1642165809
1186,1642165844
1392,1642166030
1393,1642166690
1328,1642166862
1327,1642166982
1218,1642167054
1112,1642167167
1033,1642167228
983,1642167410
75,1642167586
172,1642167649
275,1642167708
943,1642168300
55,1642168416
61,1642168547
60,1642168612
986,1642170304
1011,1642170408
1097,1642170528
1307,1642170706
1373,1642170899
1164,1642171445
1007,1642171536
34,1642171788
1280,1642171928
577,1642172205
135,1642173163
338,1642173290
668,1642173749
676,1642173755
681,1642173758
693,1642173765
701,1642173770
707,1642173775
716,1642173788
727,1642173815
735,1642173819
745,1642173823
766,1642173832
773,1642173840
777,1642173845
789,1642173855
800,1642173860
804,1642173862
816,1642173868
848,1642173890
848,1642173895
853,1642173900
861,1642173905
870,1642173910
877,1642173914
1367,1642174777
1053,1642175159
986,1642175319
1015,1642178317
1096,1642178617
1302,1642178816
1392,1642178922
1269,1642179109
1154,1642179222
1086,1642179292
1041,1642179828
1233,1642180000
1341,1642180066
1440,1642180183
1331,1642180374
68,1642181268
623,1642181736
725,1642181925
1024,1642182228
175,1642182640
281,1642182716
1012,1642185052
1190,1642185234
1014,1642185882
127,1642186432
324,1642186554
15,1642187566
644,1642188046
748,1642188227
1023,1642188654
1018,1642188824
1395,1642189495
1192,1642189837
1190,1642189899
1399,1642190335
1190,1642190484
1191,1642190488
1188,1642190503
1180,1642190508
1175,1642190516
956,1642191292
894,1642191350
724,1642191479
752,1642192897
731,1642193028
37,1642193454
137,1642193515
238,1642193571
638,1642194537
742,1642194645
61,1642194831
60,1642195133
1088,1642195360
1166,1642195425
1283,1642195490
982,1642195961
984,1642196027
71,1642196099
280,1642196265
837,1642196747
1590,1642197828
1481,1642197884
1481,1642198008
1480,1642199328
1480,1642199395
1463,1642199453
1358,1642199518
1251,1642199562
335,1642200717
1095,1642201319
1182,1642201374
1397,1642201481
347,1642202081
1485,1642203185
1182,1642203582
1097,1642203657
1012,1642203701
1462,1642203785
1088,1642203938
1098,1642204177
1358,1642204320
61,1642204553
1109,1642204670
1155,1642207674
1156,1642207738
1086,1642207798
976,1642207849
984,1642208209
1087,1642208273
71,1642208916
170,1642208979
823,1642209404
715,1642214860
905,1642216191
979,1642216834
1219,1642217235
1219,1642217236
1219,1642217269
1219,1642217275
1219,1642217277
1219,1642217285
1219,1642217287
1219,1642217335
1219,1642217336
1012,1642217389
1218,1642217567
986,1642218576
1087,1642219001
1318,1642219192
910,1642220257
780,1642220326
752,1642220872
752,1642220982
1101,1642242305
1022,1642242789
734,1642244077
378,1642245061
502,1642245666
609,1642246501
734,1642246912
734,1642247399
704,1642247528
765,1642247737
777,1642247860
1177,1642248041
1116,1642248300
1178,1642248527
981,1642248825
71,1642249253
1340,1642249503
981,1642250081
1357,1642250101
1087,1642250335
1160,1642250388
1253,1642250642
1176,1642250808
1092,1642250877
1136,1642251189
66,1642251283
168,1642251344
273,1642251401
610,1642251715
936,1642251956
1004,1642252073
866,1642252268
1006,1642252537
1024,1642252675
411,1642253043
1094,1642253917
1006,1642253985
62,1642254100
615,1642254181
62,1642254290
988,1642254577
1168,1642254757
1285,1642254829
1390,1642254879
1049,1642256044
1127,1642256586
1299,1642256945
1296,1642256947
1283,1642256955
1269,1642256967
1239,1642256985
1226,1642256992
1213,1642257005
1210,1642257015
1200,1642257025
1198,1642257027
1196,1642257035
1196,1642257036
1192,1642257054
1185,1642257059
1175,1642257068
1173,1642257082
1157,1642257093
1148,1642257099
1145,1642257103
1145,1642257115
1145,1642257120
1140,1642257140
1128,1642257148
1093,1642257178
1086,1642257190
1086,1642257191
1050,1642257204
1044,1642257213
1030,1642257220
1027,1642257225
1021,1642257230
1012,1642257235
1002,1642257240
1246,1642257245
992,1642257247
1801,1642257251
970,1642257357
82,1642257469
1352,1642257728
1457,1642258261
981,1642258436
1308,1642258975
1190,1642259076
1177,1642259087
1175,1642259093
1175,1642259100
1175,1642259105
1174,1642259109
1161,1642259119
1154,1642259125
1797,1642259168
1121,1642259180
1050,1642259228
1044,1642259235
1031,1642259240
1030,1642259242
1025,1642259254
1021,1642259256
1012,1642259262
1002,1642259270
1001,1642259271
996,1642259278
1801,1642259285
1801,1642259286
1118,1642259578
1325,1642260057
1107,1642260226
1028,1642260281
1087,1642260707
1280,1642260884
1383,1642260942
44,1642261552
349,1642261737
52,1642262503
60,1642264788
1799,1642265256
1007,1642266299
1333,1642266484
1015,1642266587
16,1642266761
117,1642266820
904,1642267487
50,1642268139
152,1642268211
699,1642268622
1024,1642268982
573,1642273654
602,1642273708
614,1642273715
623,1642273720
632,1642273725
637,1642273728
660,1642273744
1024,1642274334
1286,1642275041
1191,1642275233
80,1642276249
177,1642276312
767,1642277980
724,1642278044
724,1642278106
752,1642278299
734,1642279850
754,1642280016
817,1642280333
981,1642280466
982,1642280508
986,1642280514
990,1642280520
962,1642280530
960,1642280535
0,1642280549
27,1642280560
30,1642280561
81,1642280580
108,1642280595
124,1642280603
131,1642280609
143,1642280617
155,1642280623
160,1642280625
165,1642280627
211,1642280660
211,1642280664
214,1642280673
236,1642280682
319,1642280715
330,1642280719
422,1642280760
425,1642280761
455,1642280770
465,1642280775
469,1642280777
490,1642280785
494,1642280787
559,1642280819
569,1642280840
570,1642280851
584,1642280875
587,1642280898
611,1642280910
616,1642280912
662,1642280954
672,1642280983
730,1642281105
737,1642281108
757,1642281114
774,1642281120
777,1642281125
781,1642281128
799,1642281134
820,1642281140
822,1642281141
848,1642281153
852,1642281160
877,1642281169
886,1642281174
890,1642281177
904,1642281192
910,1642281200
906,1642281210
905,1642281214
904,1642281233
902,1642281233
901,1642281249
901,1642281258
901,1642281261
900,1642281261
899,1642281291
897,1642281302
897,1642281306
897,1642281319
897,1642281321
899,1642281330
903,1642281335
904,1642281337
894,1642281363
1387,1642281772
1001,1642282111
1001,1642282116
1004,1642282124
1007,1642282130
1011,1642282140
1018,1642282160
1019,1642282163
1021,1642282174
1031,1642282189
1039,1642282211
1054,1642282246
1070,1642282297
985,1642282360
1109,1642282403
1169,1642282489
1175,1642282524
1175,1642282527
1174,1642282535
1177,1642282549
1177,1642282559
1179,1642282570
1179,1642282572
1183,1642282592
1197,1642282655
1205,1642282676
1218,1642282728
1219,1642282752
1220,1642282763
709,1642282845
1512,1642282964
1512,1642282966
1513,1642283074
1159,1642283399
1384,1642283519
1195,1642283928
1194,1642283942
1196,1642284015
1195,1642284100
1195,1642284101
1195,1642284113
1194,1642284140
1194,1642284141
1194,1642284155
1195,1642284178
1195,1642284227
1197,1642284292
1463,1642285485
1253,1642285675
1052,1642285783
983,1642285962
171,1642286331
608,1642286620
672,1642286701
700,1642286735
701,1642286736
741,1642286790
755,1642286795
777,1642286809
787,1642286815
795,1642286818
813,1642286825
824,1642286829
840,1642286835
850,1642286845
857,1642286850
871,1642286855
879,1642286859
884,1642286862
899,1642286869
905,1642286872
921,1642286889
940,1642286898
964,1642286911
971,1642286917
981,1642286930
981,1642286935
981,1642286938
980,1642286950
979,1642286955
979,1642286960
979,1642286970
17,1642286973
17,1642286977
19,1642286983
26,1642287004
31,1642287019
32,1642287022
34,1642287027
979,1642287049
987,1642287409
1162,1642287532
1280,1642287596
1310,1642287705
1197,1642287765
983,1642288062
985,1642288129
928,1642288791
1228,1642289095
1340,1642289150
1440,1642289274
1335,1642289319
1224,1642289392
1191,1642289431
1162,1642289445
1157,1642289448
1140,1642289455
1483,1642289468
1050,1642289498
1047,1642289502
1014,1642289520
1002,1642289525
1804,1642289534
1801,1642289540
1285,1642289978
1462,1642290069
38,1642290405
240,1642290522
1250,1642290848
1025,1642291059
1482,1642293302
1050,1642294553
1315,1642295389
986,1642295816
1102,1642297134
1025,1642297179
65,1642300597
779,1642301203
1279,1642303010
412,1642303783
982,1642304208
982,1642304275
982,1642304276
990,1642304290
970,1642304297
960,1642304301
888,1642304323
857,1642304333
825,1642304343
804,1642304350
792,1642304354
784,1642304367
779,1642304373
778,1642304385
424,1642304429
454,1642304439
461,1642304442
477,1642304465
482,1642304466
493,1642304472
498,1642304480
571,1642304560
571,1642304562
734,1642327798
725,1642327904
725,1642328017
725,1642329524
986,1642329666
1087,1642330323
725,1642330608
734,1642330737
1202,1642331101
725,1642331200
725,1642331327
1102,1642332064
1022,1642332608
725,1642333841
983,1642334049
734,1642334437
1279,1642334469
734,1642334572
1382,1642335002
1313,1642335780
725,1642335838
1201,1642336321
725,1642336778
1103,1642337040
734,1642337097
725,1642337219
1026,1642337529
734,1642337626
725,1642337989
734,1642338349
734,1642338715
734,1642338895
734,1642339017
986,1642339201
725,1642339676
1087,1642339861
1160,1642340467
734,1642340872
1276,1642341127
725,1642341174
734,1642342007
752,1642342498
986,1642343106
69,1642343701
1178,1642343806
1394,1642344055
1329,1642344522
167,1642344608
696,1642345449
734,1642345667
734,1642345730
815,1642346705
929,1642347189
752,1642366119
983,1642367197
1087,1642367273
1010,1642368419
142,1642368651
249,1642368712
1161,1642369553
1276,1642369619
1380,1642369660
988,1642370218
1280,1642370388
1481,1642371936
1481,1642372076
1463,1642372135
1363,1642372188
1256,1642372236
1052,1642372373
691,1642373140
778,1642374109
703,1642374416
936,1642374531
1045,1642374706
1129,1642375014
1050,1642375062
976,1642375242
987,1642375303
1087,1642375371
1159,1642375416
1183,1642375597
1180,1642375794
1096,1642375902
138,1642376218
337,1642376331
899,1642376698
979,1642376861
1782,1642377100
1481,1642377298
1481,1642379872
1360,1642379999
1251,1642380045
1131,1642380098
986,1642381018
1087,1642381077
1163,1642381134
1280,1642381191
982,1642381598
1159,1642381784
1117,1642382938
986,1642383524
89,1642383599
980,1642384899
980,1642384901
980,1642384928
1030,1642391260
1219,1642391379
1385,1642413781
1198,1642414869
1100,1642415521
1019,1642416009
1277,1642417501
1380,1642417928
1315,1642418522
1205,1642419061
1103,1642419663
411,1642420863
612,1642422126
703,1642422783
820,1642423981
1340,1642424703
1357,1642425309
1249,1642425847
1131,1642426440
1050,1642426923
752,1642429252
66,1642429324
66,1642429324
767,1642429432
1113,1642429728
1253,1642429970
1050,1642430085
983,1642430258
1003,1642431356
1094,1642431409
1177,1642431463
1292,1642431524
1165,1642431778
1088,1642431822
981,1642432011
983,1642432060
166,1642432244
270,1642432298
604,1642432538
662,1642432854
772,1642432973
885,1642433022
981,1642433203
1278,1642433622
1026,1642433932
1159,1642434276
1083,1642434411
960,1642434460
89,1642434534
189,1642434592
295,1642434644
1273,1642435258
1482,1642436509
1464,1642436571
1361,1642436626
1052,1642436814
609,1642437235
702,1642437343
822,1642437401
1296,1642438119
1283,1642438124
1259,1642438139
1222,1642438155
1210,1642438170
1193,1642438189
1193,1642438195
1193,1642438199
1189,1642438204
1175,1642438214
1175,1642438219
1165,1642438231
1147,1642438238
1107,1642438255
1088,1642438271
1052,1642438284
1047,1642438289
1033,1642438294
1019,1642438303
1006,1642438308
970,1642438320
970,1642438325
981,1642438334
981,1642438346
983,1642438355
984,1642438368
984,1642438374
981,1642438396
23,1642438422
33,1642438437
133,1642438497
243,1642438558
498,1642439148
982,1642439616
985,1642439698
1162,1642439858
1279,1642439925
1390,1642441737
1288,1642441788
986,1642442143
702,1642442677
1446,1642443225
1341,1642443277
1231,1642443349
5,1642443587
1024,1642444434
968,1642446296
84,1642446345
182,1642446398
717,1642446770
1157,1642447185
1273,1642447247
1397,1642447422
1178,1642447840
342,1642448213
781,1642448504
1098,1642448699
1448,1642449282
1340,1642449349
1231,1642449415
1118,1642449524
721,1642450256
841,1642450311
1133,1642450551
1251,1642450611
1194,1642451000
1397,1642451449
1295,1642451511
1179,1642451567
1094,1642451630
1155,1642451925
1158,1642452400
1156,1642453195
721,1642453853
958,1642453957
1256,1642454257
1207,1642454502
45,1642454746
146,1642454815
254,1642454868
678,1642455103
792,1642455162
1026,1642455343
1103,1642455396
1360,1642455656
1254,1642455703
60,1642456007
62,1642456253
986,1642456497
271,1642456678
490,1642456792
884,1642457389
725,1642457694
65,1642460408
978,1642461182
982,1642462389
710,1642465551
1246,1642465960
955,1642465980
1342,1642466087
1231,1642466159
1311,1642466680
1386,1642466744
1282,1642466806
1166,1642466873
1801,1642467041
1050,1642467126
56,1642467170
156,1642467219
257,1642467280
687,1642467594
1028,1642468015
1105,1642468074
1355,1642468388
68,1642468734
168,1642468797
1248,1642468980
1052,1642470301
868,1642471016
983,1642471196
279,1642471448
1199,1642471662
1100,1642471727
1019,1642471785
990,1642471879
1799,1642471885
964,1642471889
956,1642471923
8,1642471931
26,1642471942
72,1642471964
82,1642471968
97,1642471975
112,1642471999
129,1642472008
160,1642472028
200,1642472049
214,1642472060
214,1642472068
221,1642472074
315,1642472125
324,1642472129
329,1642472132
399,1642472156
439,1642472169
454,1642472175
459,1642472178
463,1642472182
465,1642472190
465,1642472194
464,1642472200
464,1642472201
473,1642472221
501,1642472240
505,1642472244
519,1642472254
562,1642472278
510,1642472644
162,1642473398
1125,1642474606
1047,1642474670
764,1642475277
753,1642476456
752,1642477073
754,1642500774
803,1642500900
734,1642501484
734,1642501602
734,1642501794
725,1642501839
734,1642502088
734,1642502558
917,1642502588
734,1642502984
725,1642503109
734,1642503639
1322,1642503727
1373,1642504505
1269,1642505103
1149,1642506065
725,1642506227
734,1642506461
734,1642506538
1082,1642506721
780,1642507358
734,1642507732
270,1642507806
780,1642507853
1178,1642508323
1287,1642508500
492,1642508583
1288,1642509111
995,1642509299
984,1642509528
170,1642509703
275,1642509775
705,1642510129
942,1642510367
570,1642510387
1128,1642510658
1454,1642510854
1482,1642511077
1361,1642511322
990,1642511936
1090,1642512052
1393,1642512472
1176,1642512649
1095,1642512718
40,1642512953
139,1642513018
342,1642513138
569,1642513418
889,1642513780
60,1642513968
61,1642514149
39,1642514333
39,1642514445
671,1642516203
1201,1642516318
1392,1642516531
1355,1642516553
1304,1642516600
1297,1642516605
1295,1642516606
1283,1642516615
1281,1642516616
1270,1642516625
1268,1642516626
1257,1642516636
1222,1642516656
1211,1642516667
1089,1642516859
783,1642517401
79,1642517681
179,1642517743
199,1642518008
305,1642518603
423,1642518905
710,1642519719
543,1642519804
648,1642520581
1287,1642521058
1175,1642521168
101,1642524462
197,1642524533
653,1642524940
769,1642525121
1096,1642525958
1483,1642526320
1463,1642526698
1350,1642526863
1024,1642527290
981,1642527774
981,1642527777
983,1642527782
990,1642527794
1804,1642527798
964,1642527810
1,1642527840
7,1642527846
22,1642527858
41,1642527871
63,1642527885
66,1642527887
73,1642527892
83,1642527899
89,1642527903
155,1642527952
176,1642527963
205,1642527978
210,1642527981
211,1642527990
211,1642527991
211,1642527998
235,1642528022
342,1642528074
398,1642528095
402,1642528097
420,1642528139
460,1642528155
471,1642528160
482,1642528165
489,1642528169
494,1642528172
507,1642528180
513,1642528185
518,1642528190
524,1642528195
524,1642528200
524,1642528205
524,1642528210
524,1642528215
524,1642528220
524,1642528221
559,1642528249
564,1642528255
565,1642528259
567,1642528270
743,1642528556
996,1642528720
1025,1642532387
1318,1642532685
1274,1642532866
1163,1642532989
73,1642533398
171,1642533466
1001,1642534675
1801,1642535333
282,1642535631
984,1642536004
967,1642536239
1087,1642536723
895,1642537003
724,1642537131
1160,1642537266
734,1642537434
734,1642537541
1278,1642538103
734,1642538561
1383,1642538585
753,1642538740
754,1642539053
983,1642539304
986,1642539308
990,1642539328
990,1642539335
996,1642539340
1004,1642539344
1018,1642539350
1025,1642539354
1041,1642539363
1050,1642539370
1052,1642539379
1083,1642539389
1086,1642539394
1088,1642539398
1103,1642539410
1109,1642539414
1125,1642539420
1133,1642539424
1136,1642539427
1160,1642539442
1170,1642539449
1185,1642539455
1190,1642539457
1194,1642539465
1191,1642539471
1189,1642539477
1187,1642539482
1182,1642539494
1181,1642539498
1180,1642539514
1177,1642539525
1176,1642539528
1180,1642539534
1179,1642539555
1179,1642539559
1177,1642539565
1177,1642539567
1176,1642539573
1125,1642539596
1177,1642539624
1177,1642539635
1177,1642539640
1177,1642539642
1173,1642539652
1173,1642539680
1348,1642539705
1433,1642539773
1183,1642539967
1173,1642539985
1173,1642539986
1190,1642540010
1191,1642540012
1202,1642540042
16,1642540124
117,1642540194
215,1642540255
318,1642540301
658,1642540536
766,1642540662
1293,1642541039
1396,1642541079
1293,1642541144
47,1642541498
234,1642542241
1052,1642542702
676,1642543207
1118,1642543738
1341,1642543853
1481,1642544081
902,1642544589
1023,1642546265
1096,1642546298
138,1642546603
1277,1642546866
669,1642546974
752,1642547076
894,1642547155
1022,1642547336
1100,1642547390
1195,1642547442
1160,1642547467
753,1642547623
1165,1642547680
1088,1642547752
972,1642547804
1087,1642548009
1481,1642548221
602,1642548346
697,1642548416
975,1642548661
981,1642548701
1384,1642548942
1313,1642549013
1200,1642549063
1100,1642549123
1480,1642549238
32,1642549317
1478,1642549358
131,1642549366
229,1642549431
1263,1642549496
1144,1642549558
1053,1642549605
981,1642549786
773,1642549787
61,1642549920
987,1642549965
1759,1642550022
72,1642550038
172,1642550087
1548,1642550097
276,1642550151
1481,1642550197
1483,1642550263
620,1642550382
1481,1642552845
1132,1642553153
1050,1642553199
985,1642553448
69,1642553512
1337,1642554522
1361,1642554591
412,1642555193
1050,1642555600
1131,1642555656
1252,1642555728
779,1642560396
61,1642561130
1148,1642562383
169,1642562877
272,1642562935
1339,1642563598
983,1642564008
826,1642564735
1381,1642565216
1317,1642565273
734,1642565861
725,1642586687
702,1642586706
725,1642586978
725,1642587114
734,1642587342
725,1642587466
820,1642587607
933,1642588205
734,1642589090
725,1642589277
725,1642589322
734,1642589630
1044,1642589708
725,1642589752
734,1642589983
1252,1642590248
734,1642590407
734,1642591494
725,1642591664
1141,1642592043
1053,1642592529
734,1642592620
734,1642592756
725,1642593418
725,1642593527
773,1642593899
1671,1642593936
1138,1642594071
620,1642594263
1177,1642594371
1294,1642594716
1398,1642594839
1395,1642594968
714,1642594986
978,1642595621
951,1642596066
706,1642596457
825,1642596528
1088,1642597072
1338,1642597442
1229,1642597924
1113,1642598467
711,1642598617
952,1642598814
36,1642598992
1033,1642599003
36,1642599059
983,1642599476
942,1642599846
60,1642599898
39,1642600841
655,1642601101
983,1642602174
1023,1642602218
879,1642602305
1099,1642602520
1317,1642602698
1374,1642602834
1154,1642603117
1082,1642603183
1010,1642603263
1024,1642603484
713,1642604558
956,1642604797
1024,1642605046
1024,1642605221
1301,1642605591
1175,1642606004
1022,1642606364
7,1642606536
749,1642607339
1015,1642610436
5,1642610757
202,1642610918
309,1642610992
555,1642611179
778,1642611536
1125,1642612297
1242,1642612423
1348,1642612497
1393,1642612667
1304,1642612785
1298,1642612788
1286,1642612795
1283,1642612797
1257,1642612816
1210,1642612859
1199,1642612871
1193,1642612879
1190,1642612882
1181,1642612889
1176,1642612895
1158,1642612915
1153,1642612918
1149,1642612921
1143,1642612951
1086,1642613004
1032,1642613028
1028,1642613033
1026,1642613040
1025,1642613042
1020,1642613050
1019,1642613051
1013,1642613057
1005,1642613070
1006,1642613075
1007,1642613079
1010,1642613082
1023,1642613115
1024,1642613118
1024,1642613125
1024,1642613130
1024,1642613131
21,1642613509
215,1642613679
1024,1642614777
36,1642616387
1023,1642616569
193,1642616924
298,1642616991
1024,1642617897
105,1642618191
202,1642618255
636,1642618604
993,1642619034
1024,1642619207
1094,1642619507
1294,1642619874
11,1642620589
568,1642621076
775,1642621538
61,1642621913
48,1642622206
186,1642622636
289,1642622695
521,1642622851
634,1642622967
736,1642623050
850,1642623100
1799,1642623154
1024,1642623303
724,1642623463
734,1642623895
782,1642625819
1053,1642626176
1369,1642626343
1325,1642626414
1216,1642626467
1107,1642626522
901,1642626637
923,1642627193
1109,1642627428
1482,1642627671
1481,1642627781
1360,1642628036
1050,1642628206
720,1642628925
841,1642628978
958,1642629040
1052,1642629168
1135,1642629221
1253,1642629296
1044,1642629530
985,1642629697
864,1642629759
1394,1642630485
1481,1642630540
1357,1642632109
1250,1642632158
1132,1642632220
980,1642632405
982,1642632445
982,1642632448
984,1642632451
988,1642632457
963,1642632474
12,1642632489
27,1642632497
63,1642632515
90,1642632527
101,1642632533
101,1642632538
106,1642632555
125,1642632565
127,1642632566
145,1642632581
158,1642632587
167,1642632591
197,1642632605
229,1642632634
248,1642632643
309,1642632670
321,1642632675
331,1642632679
344,1642632684
383,1642632696
402,1642632705
403,1642632709
414,1642632721
436,1642632728
451,1642632733
459,1642632737
500,1642632795
509,1642632799
514,1642632802
536,1642632815
565,1642632830
569,1642632834
569,1642632840
712,1642632997
858,1642633123
881,1642633133
921,1642633160
939,1642633168
954,1642633204
960,1642633207
971,1642633213
982,1642633230
982,1642633235
982,1642633238
982,1642633284
990,1642633294
997,1642633300
1005,1642633305
1025,1642633315
1030,1642633319
1031,1642633322
1044,1642633327
1259,1642633485
1329,1642633619
1218,1642633672
15,1642633964
749,1642634450
1164,1642634938
1281,1642634987
38,1642635466
139,1642635534
348,1642635651
792,1642636003
1745,1642636258
1654,1642636296
1359,1642639252
1252,1642639296
1051,1642639433
1177,1642639723
1396,1642639848
142,1642640333
245,1642640396
985,1642641398
1089,1642641473
1168,1642641530
1286,1642641598
805,1642643803
1024,1642643922
1050,1642643988
344,1642672987
462,1642673461
579,1642674660
675,1642675448
983,1642676404
1390,1642680185
1190,1642681502
1098,1642681989
1010,1642682529
690,1642686122
808,1642686781
1281,1642688043
1386,1642688469
1306,1642689120
1191,1642689607
1011,1642690443
244,1642690809
342,1642691100
585,1642692787
687,1642693921
1258,1642708984
183,1642710848
